averaged_values
-5.513060366616155
10.607967264313146
-8.655014285436986
1.6308631641044826
-9.037990792849882
-4.071213243177415
23.00263862109661
-13.00018185072083
-24.048870308258103
-34.052230530194294
12.592783629992576
-35.827842673882735
-7.586861582368262
40.86559657161379
-3.7762966362180066
1.114748221043006
-19.46476273295327
-32.25298852188625
19.934440691497457
-10.565038442738143
-14.287213889570163
-22.418458565750655
-3.2855894521721325
-4.202802645453706
-23.592493685190465
-19.408308473553596
32.4678402691321
57.82074529957597
-0.2687513760708194
6.6201813184357645
64.49722130943515
-39.14336010480452
-16.406765384404203
12.154648198565942
0.36341271348006404
-12.548239508399897
-14.699041055923109
14.802870853764821
-12.661376328520001
-39.37574830005888
6.506604020411203
-20.01942395702116
31.121616613933565
-6.441341459023003
6.006415475360352
37.694694407999116
4.2456769301657005
15.39560398763952
-34.323525091449234
-15.903285711331364
-10.229894351438503
-0.9922521355940813
-5.464961249081692
-9.79097335087321
-18.39625352483399
-3.7917052835394522
-27.730534402103967
9.183662749442723
11.787758249799689
-23.10157428271566
8.177069071689695
44.06156909181875
-11.973629134899378
-21.06381957025774
-10.153342569477976
22.140969820135428
-42.14095725623659
-29.30005512901741
17.34826694683167
51.63505217411003
-33.98492951432224
8.724249025481006
21.58539254643618
-11.893721962312043
-9.088566354050698
-2.119643154845884
20.811280274677706
38.8197215893674
13.680661573814234
-10.703097026600451
10.39531429974114
-32.666888470873715
-34.9346269584973
-14.209732398712626
-14.806088305153159
-10.906755272878712
2.846114061252043
-27.39257792314558
15.530398236241714
-8.760305968040823
-8.236822856255003
36.04467044307254
1.2664133304482448
17.15102787407501
25.06228772175133
-43.05838589391922
21.05473998491621
18.085584778233386
4.31077248371099
23.747487572944664
-41.63953219919918
28.52071674435827
2.2319328123688154
3.6724061209919987
17.279199065189477
-7.077190071349672
-52.5950065610939
27.289531609727636
-7.965019505630001
-5.617718522005172
-54.14622158568525
27.89145266270363
-32.82012480932418
-5.243623814644924
-8.591601936112747
19.434085776368732
-26.994872112794354
30.69952012623951
-9.422521416507228
-12.94081050849283
9.13937349282594
6.957996983203913
-17.35246042157603
11.281519297176146
-14.657981864708281
-31.704075435639055
14.177562393214089
-18.08725833371535
-16.428011477146622
8.341607560775591
5.481365366392121
42.90898716849424
-11.896653070502774
8.551899715720493
-5.115850080094295
-24.115494653903863
6.858338228910024
2.650605875039446
-12.365835690397935
-8.584529911256794
10.135897960552608
-21.149586018844076
5.640492488495482
-6.204671781905621
-34.0803002138153
-37.14784867231194
-34.73727343225942
25.46372299958828
1.4890162652700856
-35.82121839817825
1.025136447901038
14.547386465666543
26.286720040729886
31.734732073191925
-21.883343290426854
-16.65878029299269
0.8099064779594963
2.4013611197442137
19.45608097690723
22.988529881858
7.540611855460621
-15.375284468288404
20.57424115625554
-12.930103191113744
-1.760641528142922
5.155374151641136
-10.309468415396301
-21.475400856325393
-20.651340554735224
-5.5605981553019985
12.407618333697807
14.519668457838796
-16.546868042081996
1.9925990491402956
11.55085763146164
-3.6606305424709356
21.25135710615886
9.977492112429266
-2.519379399714192
3.2055571188736565
14.845256559017551
-9.522422672591953
31.017051886055544
33.9106071217387
16.526179030619392
2.192512237120269
-16.82941932233345
14.063653782286147
-7.74681861443914
16.51927390434282
23.416070817498355
-16.3871251559153
-25.76486907911475
19.479084650539335
-32.85952581747767
-1.5102940902820212
20.095746262710133
18.096706476358673
-14.277837217307223
-11.558999142858832
10.539298528643902
-0.48918392862720833
1.3187761199857182
6.782324434132524
6.69591019893998
3.074375402576417
21.448193529495125
1.5074674892245146
-20.371438173515894
-13.892340479767674
4.34374749232838
-7.329577761094072
29.283741875637787
-5.649228945582905
-10.122349313248359
-5.606911539972022
-7.453777118151919
-6.512613518586428
-21.186558312776743
10.44831448461151
-1.540438526390678
11.522549623854339
-62.431278766653456
2.4512110254447257
13.630062864431343
18.46142257786431
-20.50064387139391
17.588139423510302
-13.325803430877073
-24.288425055446293
-12.058928713167774
7.4140923714165865
-32.76378455139746
-8.014048626344826
27.242488290407284
8.958206120663654
37.056618088206
-29.770794894246166
-39.58314258751764
-12.499217046068708
-13.66940635209692
-18.506480053577295
-1.1372591847489086
20.414876968023332
-0.5050209445980632
0.1606474303325647
15.194346557576154
-6.187044523515133
-38.86139908199163
4.824260927387854
-13.602417608128386
10.479298609541312
38.002944174324256
-23.63772591785362
-16.01266399965586
18.33475940125165
17.61148851568858
-17.124800690643912
-6.411749817497281
-5.808640060155862
-3.1766323363710476
-5.550940317589256
16.876744236261505
-0.13623463683258796
16.806456373600344
32.97689735472392
-6.577004950313257
-14.199914066860572
-10.142628104688782
9.461464899452807
34.87770726397437
-25.62327404048463
-36.75833090672683
-25.37482573658924
0.7378970116466993
-4.322746011999499
35.50239335223819
-15.998934112623523
1.2726397509480405
-22.808255579263356
-24.573914799515126
1.627642143534909
-47.51211834833207
-23.500377039668034
18.270081514340074
24.00811017350017
16.840964485733917
6.268827130824643
-45.09035742043887
10.898672711298616
1.6748051923568614
-0.10453568406374347
25.753557679178385
-19.790949104653645
12.23076027156651
16.38759294162831
-31.424046539092114
27.523959261934664
7.942598071643924
1.5444204374293615
-13.114185594105379
-54.51529354191204
19.086002587873896
9.212820831142059
-34.17455173528294
-0.44411133403335157
15.891283945710777
-6.024217243173183
-12.040648529767054
-5.418481304348053
24.922876530276245
19.20901847109433
-47.38219197067227
-22.69496279353037
13.014302474282582
-2.6530186831155618
-22.366389939405916
8.420458620903352
41.12648615111826
-9.163246706754714
3.438814178900685
11.460240360597576
64.91405395809625
-0.23311379327609907
-21.817003903498573
3.8420074938058613
-16.158537282095704
17.564531463800517
-6.970763446481205
6.831544298731454
-35.64424620219466
8.847568498158106
9.520200112726835
-24.48091659523895
-11.4985919352319
-1.1264042589938394
22.651551309866516
-6.9650795416331635
45.86372258215775
6.605199945202581
13.430940951733248
33.46951888621397
1.1938566654823053
7.097439630031857
-31.651269129293883
20.893838664546184
10.916360229297814
19.437583666531282
-29.999191449127025
6.641232459690656
15.942902110386655
18.929783410623727
-20.81471992465532
-15.673384726702352
-13.449158576601386
5.419014116561527
-9.270683999794167
-32.92738136676675
42.64681891397722
-11.053168314580583
-11.950111998968188
-11.296182046738664
26.461824570625964
-25.231434312115635
9.27865605490073
45.04092149768397
-17.611025767236242
19.333162951889438
-7.367758025954818
4.677359060490708
-10.299830210069198
-18.00420894370644
-40.68861479958321
-8.994236705429415
20.003219689454323
17.12956961092276
46.28871033126341
-13.155592772679446
-5.520589495957864
22.11425830849161
7.241862980577868
0.7496949968892181
11.457001789798198
-2.9163114420160334
-21.018040878110696
-5.521393312185855
8.286167464006441
-3.6517467637175494
-24.664012126149753
-1.4725861807316676
7.303933008332659
-23.319462602369004
-15.30415102250784
-11.092445741559308
-34.849625396548795
-10.050236130721496
6.3919896938912
5.868673355011396
7.698149868221729
-0.14810332826785574
16.655522572784133
-14.054707526932333
-13.73459019403873
8.3382258635107
5.1507069162670405
-13.491347506457325
9.526379272556122
3.735907614766953
12.207880048415063
-9.584823536904233
-3.465956668968554
-15.678564383148066
-15.208523664300401
20.208535537438774
-3.172702737301146
39.35182352262304
-10.473852028272555
-7.184655545384383
37.47400439560587
21.759169321611115
46.14073718169197
1.108677158774479
16.575913902331052
32.97683200240221
-5.518377475438086
-23.335818646873008
-12.7081229683115
-23.590363400882456
-28.042189683160956
34.86420151504114
-2.9968283296213563
-11.874473961991848
14.44395790464777
19.033776517660524
-14.506666332678284
10.942585729973473
-26.75395772746641
11.844561843806853
-13.284262289879413
43.33282308882497
-21.711785731680767
-14.787678213187112
-10.461276958002609
25.877624790240628
-22.91946260920947
-35.83725289718445
38.34167307148314
12.036221269922502
7.698590956269736
33.72257326112734
-1.639106522662009
11.365150321680725
-3.6090131747949954
21.329655982486184
-1.254310301350794
-10.533592111617992
13.835373455794544
-34.088110289937894
-8.122361057681966
6.451007227765085
9.468435273586769
4.717524562495602
30.565787375176686
19.425404555714795
8.14546470677891
-45.442501650513925
20.20047143663358
6.808646086623459
13.369507328139283
24.700938215534183
19.8659329622672
-16.060631128157144
4.109638983411732
-11.540696239782127
11.179761347039062
12.466200800776628
-16.729869671340555
19.0645105069275
21.910374535005133
11.007537316104937
1.8020391859275169
-35.8490797332386
14.779522059284972
-25.811500269498282
-14.107311159819375
-10.878841070918696
-17.002928334691298
-6.729863315857746
7.964003945782262
-34.881351212334636
-2.699200180122707
-18.56189000294312
10.479850902802392
13.239116939438162
2.514373331564021
-37.501535957002154
-7.922268917541288
-18.750189527254957
-8.28156700580042
1.8267350213760665
-29.790970367261412
-7.117450089113191
-11.5655999142438
-14.474639925544787
-11.494379976268903
18.428286944613557
15.273152890196664
-25.496172183061187
11.654929998895483
11.136616598044952
-6.289824741774339
40.33484371245218
13.981601881640728
2.8237047136518263
11.747110810926435
-1.7518199927367466
-13.310979946894017
-10.800560521482632
-2.337134962943793
19.09917147832142
-14.341840155368649
1.8213913798328936
28.69425425585277
-9.976277925862766
-7.809060645988704
-7.955481676440495
20.382267565414917
1.8936489408150219
17.962023481291737
-0.44076529565163963
-11.465361673024328
-28.318443223585717
8.943599723879743
10.025907187903178
-8.939971712129468
-8.52068112269354
22.414234627119544
2.626905550214891
-6.393322514537052
-11.536024380069563
6.63134030654398
18.1416390822702
24.944634847591733
7.665531374546504
-2.9765079781941495
-0.5362801987757374
-5.66404412890617
-4.347831912533707
-25.514064801128928
-43.50137127538281
33.785974397942404
-23.085262112769595
16.21638953986498
2.9037115235013857
10.957489923550924
-37.09638441142377
22.47393577772033
-21.8398304165763
-5.507141477841524
-7.316553854950048
-8.344079997411646
18.15856924273093
32.995913497510344
41.59334724311636
-11.813000409906797
-16.796877651803488
-8.504032753380292
-15.51182691251131
26.925295797856176
26.573992838612934
39.795500401279604
0.2834491665743144
15.872169555888595
-33.00634916643472
-28.083628694859943
26.077075307971096
-30.382414352565934
34.95559444173724
-7.0276379904119795
7.771585537931628
10.655637869995738
-0.3717419413082155
-38.287672501564685
-0.7360407940783773
5.6316752372487615
26.235985879750945
0.8314252042148477
3.6193024848232653
-17.54349451353059
-3.359155873308547
28.4905555228095
-3.4908825734912816
4.079262920240552
6.9393995434871085
-25.907105169356868
-35.507354025629496
-5.598344495805937
-25.96967608491576
-16.117814752473635
11.354756709918027
-25.961766359528156
12.858988464654146
13.624070525483729
27.86261585948993
-39.183238613620375
2.082115529228531
-28.387931921995847
5.333001371679368
-55.08467494000872
16.490933138024626
-11.950058313622739
40.57914124538019
-20.220711518180043
-0.38202422716739215
14.189187989404871
24.840983799677804
14.938637048531064
17.806634603011275
26.947935975747857
2.286166523317737
12.079790764048369
-30.362580138506576
-46.24201661314681
7.47462874187256
2.4275982602259014
10.093404565784416
22.266940567085886
-0.22119706348540058
-6.990798906172557
32.51920302212999
-3.361786439687298
-45.93405221168385
-25.205984332049088
-49.71220315931287
-9.978730156514644
3.894635019482829
-5.377708863045342
12.152075263632137
12.983727680750349
-7.164494771502375
-22.05541064220671
20.36724178902067
-18.49330930009496
-16.753882895304116
-6.547603970054212
-14.556003882098537
-15.62464870218822
11.773542181221623
9.928698598660228
6.871109204010689
0.20631134524470918
-19.302901854645842
-0.20451885057335062
20.121811532584456
-16.941490091123086
0.9474229237822082
-16.57395807925597
9.35424363774114
6.158171804654169
-6.5531651904034804
-8.237464354898416
-12.482410841020036
-27.50467868866291
-15.614771430763957
-24.3730114846495
1.0735046396618575
-15.357979624386038
-21.014071666318745
-5.663385957359954
27.488704090542836
-2.169014680602278
29.436887320446488
-2.1910420636563783
29.617659721820257
11.77680613288004
29.192321532849707
0.47584016044658
-22.185230450890504
29.673258577647385
-19.409091154509913
-3.730198353871382
-15.5249000334492
-26.73913379515609
-1.0478561822431043
-4.979722774606898
4.11459513255943
28.591844568507696
7.724444292614038
-9.280474269185968
20.1125436231913
18.251949924074797
-8.05488509729013
-22.56871973861313
-1.4874951252301212
30.979223079258315
13.323931041153761
-0.7162850355988345
-11.98406262244662
-22.099462019487884
11.678902434208547
22.66418736207346
20.100798842693894
41.680721989231216
-9.22312286877885
-6.768865012692449
-20.068864956700683
-4.980138033825369
11.5649209320608
-16.42713628305337
-8.198145555539279
-23.064534793775124
35.77111299558454
0.15725582137009533
-22.186202960053503
19.823029208989283
10.783407080078936
-23.029632356361578
23.579500889457478
-17.777971898912778
9.046459142321964
-17.755036298239435
28.7129505842528
13.049645463443426
16.972789958151235
-11.156751194628223
8.375267044531313
31.076163847017217
6.9766389184882955
18.533066900603064
16.386683479897
17.36062056130528
10.740111063198166
-9.33609654031693
-25.35326700034658
-26.033886478439694
-20.071168104904256
13.464433326280934
48.96972918663277
-30.06449392618704
-31.947984172535268
-10.09169973529336
-15.747877386425008
10.893940914709248
-25.241429507908805
28.392557049967973
5.586469449632148
6.382414719834486
-41.676886787472135
9.205309546729552
-10.664173536151083
-11.70630273072399
26.28198629826279
0.6555161751801961
5.2410860597984765
-5.014881131917463
8.854872705131669
-6.220867798399969
25.68396717012007
22.74262816923246
-33.38393605234962
29.12210214735804
20.150029673196627
12.273913609664303
-10.003157597300278
42.16979838166828
0.08270319220973017
-2.8601870018416378
-35.04896384060982
2.309824898353895
-14.772539614340104
5.514401492498554
8.266455840220337
27.163591621610806
-3.538850459381564
-10.84969554864972
16.671957607715484
14.224200901891217
27.637440668409464
-6.439421868570984
18.739879335542923
35.20747839019779
7.960530666352507
38.746736813702846
1.2603686768249531
-20.413253721082693
9.155458300734248
-10.043369015520538
17.053561472640904
-4.590172986427746
1.1511617490517947
-27.361283818666795
2.638089328397257
-30.952210894541782
13.490862580530584
-45.180216965282845
-1.866383663043356
-24.08799000941359
-1.9649637453966686
-32.921847422526525
28.557574571727645
-1.0409957228522542
12.68400997650437
-39.60453472659565
0.8647619345383837
18.122353963990275
1.1109927657926162
-26.663485692353266
10.222912340326474
-54.36723859204184
12.555965204122487
20.285555199031183
-34.020956385928486
27.161917246982558
11.004366483200679
-9.91394585161593
-31.702023301280736
11.333262448347057
48.14865509412615
-41.917690999148654
-2.008949892954481
-21.549825147651536
-12.417067258629496
8.467278385525901
12.187303388591687
-10.26272544940747
-10.887865917917813
-29.99291129680185
-20.448233905238443
-34.55882066839609
-37.8448678062737
56.025715657376814
-10.350161445324723
10.16612561071266
0.3560643538726727
-14.019927192834425
23.470625900477614
41.30791217182456
16.550903470364233
-2.3344913434353223
0.41914092028432975
-19.968687819877545
-37.139775346143715
41.71675092910746
-13.983724203753704
6.127874174047624
-19.165273009001595
-9.808659225676005
3.4119203526647937
32.55260037086316
-18.661061381459227
-4.943354283709311
-33.23148921394798
-10.077981869003395
5.5730102519746465
-17.957113016275013
-18.842283319323574
-37.43627855834183
-1.22453732522456
-19.469585351917516
-30.03910413903959
0.7059928989782236
7.5213735171393905
6.437844049508385
-1.7625818257634096
-19.604851664989347
-15.29510551157557
16.103351271658767
-14.977391120187255
-66.2617124386195
17.231324063467156
7.736347716405684
8.291838206004998
-23.55328107198389
15.31312921195766
-0.8593719826041406
0.46687050058761775
-3.760580060321218
16.031491404036775
3.186330334833466
-1.2343716018857365
7.783729221408852
-1.7940012950538555
0.6119467858905712
13.666360063384408
13.838582222911697
-0.17696480205123052
-19.05195320943932
-2.983619648145113
13.65983015243099
1.3584854444067485
-10.46387329160394
42.02883446797758
0.7536229938321904
-3.3508476288887814
17.694293327205695
-11.231753527081972
17.144121895621897
26.276259934915895
12.06359627267859
-23.933778532790967
4.154909153022534
-3.3982110414332474
8.700831268254925
15.80560706257924
12.548122018419244
-15.65589249280517
16.954032992954165
1.6247217874639357
3.3884077403913295
-16.195118780247196
-24.651477838858597
15.890770928555014
14.032522370585147
-0.818360169753466
9.724432714489419
-10.446017040948922
-28.057524331215205
-31.438323801107277
20.959620741198325
-15.584391806722882
-7.425581954921806
-32.235208538482965
-0.707302461256622
25.627611597757067
-8.859684370572467
15.29302366657754
-5.021769854175697
1.2124081555688047
-6.8054521132603725
-4.548019963014856
31.635263157582468
13.568149101291416
21.063078282764042
-7.021928852072041
-2.8403302371090717
-5.678584151871736
0.08554906038551735
12.65992269389531
24.855284006947517
10.069031998786206
21.829111460199226
35.97338256485977
6.719168808392415
-8.346977762184812
30.700724413948905
-41.79828286731825
10.253751337889327
34.46349481171098
-13.799548610891037
-4.884715029183373
1.0658935942945884
13.187039367994743
-16.537672621834826
-20.182603324666243
-35.801883495596115
-7.373020481727167
-20.019886315287085
-31.894955303418868
18.50531364914704
-10.86080626666696
-19.794367161444
-5.349762848734163
-10.135330014799015
10.493821248500467
-0.3442876045714154
-28.919031542649282
-32.42587566057778
-2.960166884062138
-43.3284526841693
-7.7783504084763235
-18.08620434448261
-26.184387431959845
-1.6941676833774768
-8.716843492605307
10.486676341715139
-19.85860434246398
-7.5553918496075125
-9.49834085437817
-9.31265675997193
-10.066528140580544
-5.983325243709667
21.603367328343257
-11.51076171101937
12.84480764305519
-6.1001288770963145
0.20432442836618248
-16.989942463822143
-19.53398686577117
42.61248584851794
-3.701186372563105
6.528945225756369
-1.3833943552609942
-24.826397181263957
0.20772782216455232
-16.69585208255583
15.83022682950436
-9.612092587296438
5.205668975135116
-17.8866940210771
-4.789255082765995
-13.599066185095324
-29.709867301237058
-47.93004836151379
9.864239293919288
-27.080445390203646
9.99046062562715
18.378200416645218
13.85039772279661
-6.076994912169927
-7.055118713263397
9.676265632557024
30.410150239109726
13.066602696073973
-34.69740645570146
6.350679053789084
-7.0192893112999295
4.870403919458852
0.5023967479140575
-15.871034078323675
-26.278359503491817
-1.2815349883807414
6.065410335244242
16.231636301215815
22.931090413699376
-18.884533170761472
13.274979448662814
-30.36305503875293
9.184639381684084
28.479314340222118
-31.141300207807802
-31.121966032740573
13.43892041042011
10.88582515412522
-9.759392788201277
-10.076572456530622
25.351367635944758
4.707885923830854
-33.447504429453836
-41.38294018152416
25.353081229680566
-19.661240987398305
-27.489378197285863
-4.814151504804861
10.167889745655364
17.92619207265533
-27.89246788747356
20.094538290973087
-34.771057681081565
-2.45578080553877
-15.824427652089554
22.837226488974625
10.587941019836789
-26.894514100045374
-8.352430605921501
16.45983895050057
26.776590810941837
-17.470934765608757
10.81064485154703
-18.778401072829173
7.290656798876266
-21.036888875493613
-20.90498963554406
-21.915637549871445
29.541902965138878
-31.141088306366413
1.2333092887813848
9.590953752410542
9.480624466823466
-3.8928592193044076
11.900650258705165
-11.077636099012173
19.10211381779534
15.969311956796531
-30.264240279843147
-19.92007923080261
-18.64433688053301
0.13022532812118456
-3.2768333191644867
24.224193048852772
10.082639764471358
1.8231687510328243
-10.290120683155132
-7.811976667184638
-12.70862778842426
5.917971769099864
32.24702008097781
-7.86260163146495
-6.270307950472149
6.9805577153684055
3.3964724624638998
-23.20144588780057
-13.700999500195715
2.7767371998660906
22.606670867267848
7.635115618192704
14.347930278011843
9.007028181498773
-27.50981668445225
2.2907142781284717
23.288917746281253
-2.6050531589588863
-0.125890194432183
-12.49248770915897
-10.188530753683844
4.6100045295835255
2.207956399112561
-34.00624759104192
-27.624080169310286
14.085795721241093
-14.984743528289025
23.476478582774387
-47.70734716409046
-17.519561948397467
-23.29744084996824
5.346173498032556
15.114577526247482
17.44227883047547
-25.29133902410295
14.016396590248414
-26.900715085781894
0.5784981771671482
32.13508763915727
-8.88983041052208
-7.670333246900744
-58.36416694332283
7.32330598871268
2.209997212588424
-47.47550307793643
-8.528398890813216
-5.506815950272549
-1.5977956966884312
-4.736786818874076
-24.902495848175374
6.402478529451135
8.669087188762527
32.67568497425537
-20.443371482440927
-6.510568271389388
24.819758337959616
-18.761000619220475
-4.1346170523471715
-0.2559487266512311
2.6806123895318685
36.88771362636475
22.47470811312478
-9.846243587273088
31.561487032500008
-33.82547885138652
21.596307657893544
31.713719726816663
27.798383506848637
12.835806308624731
-42.18043918559703
-15.037423020758544
12.776277597853834
-36.235424492366604
-16.92483655322526
15.177847685293264
23.935987878309742
45.64663209297904
7.392849947244447
-10.507666909715718
6.788939002421746
16.191843696619582
-11.493753555677886
40.34245251363618
-8.544176087539379
16.97616276014432
-28.340775224129146
17.43022245527847
26.82638376848688
18.236361208771513
6.671676952977681
4.000649107664448
-5.554170495878556
2.02853906272971
-20.889330733258358
-3.4981545269331495
2.1249774235137786
14.203013298433774
3.034084378453798
-4.536341066417198
-21.51747170158772
10.347443239729907
-9.101167633994029
38.09403316232758
0.17563655668725645
-15.432070708410208
2.258735107957515
-43.16693120452513
39.362796650983874
-4.062166832305006
24.10526327156226
-13.478692471639162
11.489328353933777
5.855313089044141
4.50895218548835
24.374331456760398
9.848124258879608
-44.42022627620159
2.378374411556242
-11.682071384140576
-13.562100868695865
20.745601475837514
-42.56251964687519
9.174607381101566
-42.50990950802188
-28.738478216912473
39.677306542107324
10.365669667124118
21.289747427703293
16.468691770064954
3.1766910237852337
-3.514008463471622
45.89119495240285
-27.294262949600665
-28.939579335787954
-10.790854136063416
-15.953744138264701
-28.075937638659877
3.7073828832167703
4.965244988172742
-1.8972427479467626
-21.95958747856767
-13.856547338831698
17.944795660798274
7.12506724165532
0.792443041096694
0.908852871774324
5.1445682274193985
8.494143776601097
8.859136046329098
17.243147752949028
33.15260196030733
-18.92040644766888
7.824951061595186
18.388502783556838
-20.024046122807864
-66.05150665902669
30.001234197107692
22.562492555664658
-53.6264107159953
13.942065527014458
-27.29723021210981
10.485868305475632
-31.70032369221291
11.693749968467946
9.0868715148895
14.778922974604143
16.06977175172047
-8.769945428694777
-11.654071877583684
-5.306066086964621
-1.2729321383984316
-24.344483877323597
8.668836851825887
-9.788168109988021
7.52931361840254
8.643935201077804
-7.472349455758926
-0.4077136405587208
30.374566843396064
7.918146156218398
21.810654085365524
-8.000755345805695
-13.435811437416447
16.799741111475186
32.46931679352676
7.298121239964284
-16.999773395589045
34.863476711135455
5.477565402657461
-8.168006640012512
17.618857848922648
23.78743484218988
-6.844186849340152
-3.2807407670383193
-18.521923691730034
12.314869746663561
16.50060386259484
5.52455090176763
-25.661683351370403
-8.808088975613705
-7.635158631130785
-0.6046284825186395
-62.9780598143424
48.74288216007443
-15.15750794783971
44.336283451971326
-11.11059097472806
0.4722109701897825
8.467381730811686
-9.53122581138384
-2.7576550863405394
2.9562091527301866
-14.624804319219217
-1.5851186974376885
-8.813446408559685
-21.998995072834976
38.84943776096611
17.779730874739517
22.228829105610647
10.019912211884332
-2.2733368273067547
8.237029747568405
-34.39571743741936
-3.1043770329037845
14.219094172356876
-28.189882927284213
15.049076773940442
11.796703717988075
-24.675309505299833
-6.513722690701276
8.84317181819774
-21.235186907069288
-8.663527293260179
20.317251401612197
-12.90109374378153
-11.698681731891185
-49.274887698372474
21.92116497499588
-30.829017399058188
-18.683685191826573
-20.861990531792298
-19.357314237058716
23.660494709869255
-15.40689689518652
10.334127845515487
35.632705681951705
11.530801797942624
-11.187313836779643
12.720848794968134
-2.470064058803833
-33.249727273917784
-14.662633785578569
31.721953449884058
26.84546317010371
-2.2496832512074527
-4.8155849832584945
-6.27512310323515
-7.848048774423955
37.93837145876841
17.326810154407685
7.829831557120589
0.5416886325340515
24.282668985293185
-2.287431217064077
-6.054950886965031
-2.1392105332368865
10.41787306174738
19.617889547081678
5.718610109792375
-5.169922474794134
-21.761029314458444
-2.289187943862894
-8.441390022028068
5.923240869412173
-16.192508524681045
-14.69248146394033
-29.28214287552346
0.9620656355413835
-19.15359030554731
7.59192737555433
11.4468716703877
-25.711674426709777
-7.2124574683359794
2.516725718761336
7.875529470504005
-13.318972914814386
-54.75525009541855
25.57459797864472
43.489024423222055
13.176243663927428
-11.464147150662455
-10.003451424941943
5.832670732558161
-1.575554292271221
37.839138262387166
4.051163756689883
-36.70726508599143
7.017177315740867
-17.175542690940137
14.535088127408917
-3.1972877786725653
-39.862683637668596
14.66271229653474
-9.474496978331368
41.116219418148546
1.4783125924126541
23.036632319415286
2.3170966720227284
12.970672739923705
-8.592392181453713
-0.6179995935840831
-6.51540352456946
18.46916113068619
-14.92674945710263
-35.231164288487314
43.075370581571526
-5.4237936042651045
-1.7832658786738118
-22.8430513149641
36.51181155855911
-18.463969618213337
-5.7720101526708065
4.10270792043814
0.500176907503762
-17.480961101281167
8.602029485948654
3.3324631430119305
37.68393167791229
-26.872269751477813
-6.266690532170268
-6.903244967283418
-18.88243575304649
-7.089585657709563
22.558284687735767
44.1106348171653
-21.559089158083044
40.655401849978496
1.2107515560820257
-0.9128118926271327
28.202867229267486
-15.097403262257766
-35.05236596722281
15.29450652149068
6.733428271064014
20.35920638749302
-12.5104138949971
20.58053919967303
-27.047646688530232
-35.03675669606401
-22.02102515808963
9.108139169415693
1.2173360071331085
-15.68333247991965
8.274588379697462
2.641129550938217
27.867020337046824
4.254603163892436
9.746089130607979
-12.26511719444133
-1.7259004530975044
-7.585012659156074
-19.177733127093358
5.893359356943912
6.368708473986895
3.1499107600798197
17.468319222723892
33.87254281552114
-17.726965607855846
26.234179458912593
24.916816065737937
10.429083341834987
19.334724173093935
-4.855409543726978
8.754921072533326
2.914996544642785
10.531438263049543
-33.449421510267854
-24.443552506545178
-9.49664840972207
-45.15019258897385
-13.796169262697077
-9.78395396527182
0.5397300161512154
2.238546020205528
-17.753940061598257
-6.097535212043671
-9.53538302782808
-17.034337481679746
5.805108811627444
-23.350793650059774
-11.521360071184793
-10.941100167491925
13.62002252584883
3.632693746257369
12.950371292510445
1.1251844428112274
29.370902892450875
-14.254468045064556
10.271156552458459
31.1746014698012
7.377651656079611
-31.8050863493841
6.864238907811
-1.0411040966336504
3.2862997884278022
-10.418810429725292
-16.103534416057443
-3.4279118955803938
28.323130506721554
-16.059954468399415
5.41916354617113
-1.2187681032056046
17.20410934154779
23.03988838199466
-25.701245901774552
-7.5294768030158155
-8.407124548418144
13.552959939436628
9.539025637211097
38.56988832706512
17.13548981991645
-31.26109878699914
8.210592236357277
18.23228080620161
11.457871021884566
15.941925125797155
7.88814851841705
0.4350182145259775
-14.173232326927405
4.129731959560389
4.466808701771223
-2.1160456893127275
5.225447999774038
-12.742015564359576
16.613880691342462
-10.495243916863283
-3.342899219329553
8.65133129168503
-26.303437997906617
-3.672619358098539
2.777360348858887
27.049923574034022
27.51437661501282
-10.251859544120435
19.007339376040715
3.078307851145297
26.915073460387458
22.82689314892836
-8.56541153614747
-2.824160058360718
-29.415603075980254
-5.001515748279663
6.072278480064237
14.38923745174381
-6.841349565879511
-0.5996905667402265
2.5634386682565755
8.397680270811255
-29.024537931090293
-38.85992190143747
40.060966180457854
-10.408626915363053
17.301978300310935
46.25225712835309
-11.797691642206823
-15.946870216389394
-14.095360389513871
-27.6550860570637
-24.182316222114434
-14.738986239181278
8.353837239658
-10.96883457519354
8.18670990328449
-36.47045812085534
-12.815282355475327
51.12998523643401
18.47917491524177
-9.059269568212557
-30.044409681689306
-3.710403009656782
-12.581691640768023
-22.52651636827243
3.926086677444374
14.466091787943148
-6.239226343153206
-12.30282444356475
-5.915872479952014
22.641821714689172
-1.4664007744014402
-6.385572249668219
9.901887907998239
24.239888118881577
-10.04137411103733
-21.733398289766285
29.054051952019677
-28.703122537884454
-16.131993693097332
8.267589727600807
-19.10274927286442
0.3907108332838429
-3.1944764014644895
24.36397784178833
6.157423977894827
-10.524747234128606
7.8725331455491885
32.03255783688953
2.891710045515765
-26.16027222319774
4.417244839082656
15.958215591581856
-13.016931899327991
-23.13386504943196
1.3444068456483746
11.773121322689605
27.229768102148835
-12.736205680340381
4.18281216592528
1.817407511701295
0.3315603125734676
-11.499702783570664
-32.82933600843699
33.87626054070247
18.083394538439524
-10.246323103891617
39.576826760247435
9.076828622579276
8.807490726943874
3.8152937973017913
11.647543663942988
-3.5563043258708356
13.667248327117525
-19.03420444342858
-5.18008281947841
19.008365957037956
-3.04314275086503
-0.45462647501361175
28.18079601486924
-6.0131843317730995
-21.041009248724976
-15.417055605151234
22.631698400079227
39.72398531036344
-21.967959478320793
30.02926622737027
-12.207285240897534
0.6978231286805588
36.1407717220878
-3.6170247974182246
4.149007596896676
32.871526447489146
-26.591825757018324
-33.87591408602713
-5.371430750873931
3.3546943782540475
-5.7927613811285426
-20.79789990866475
4.1878980669426085
-41.83358079320712
19.45794387611092
6.485428101280074
-47.21781067592662
-76.28278326198854
17.78509355668199
-1.5656515141000493
-4.46565711620903
24.81215151486334
20.276280500312197
30.2926330072891
34.03801673488627
-23.03487346106846
-7.923475013624615
2.188989389612497
4.916872062142896
2.2985778330436326
15.98045658868683
-4.4490785483431425
-44.77514736829256
-19.230289666330645
4.608576088562681
7.190603010315272
-2.5607601067717383
-10.022250000816882
-35.25787245619895
18.180825518330874
7.913439187277409
26.868635745750748
-22.469618030427853
29.90245581276726
-9.431229144985082
-3.206435898432081
-26.65634327484786
37.59520700688384
8.124381914268591
45.92657162662312
-6.193360312160498
-0.9930323687452945
34.29966458178856
-16.85771092777544
-36.02925896801136
-11.89883352903801
2.621532800354212
7.5643568134266275
3.162545880497239
-12.390498544441641
29.878050324062173
18.785361175608333
-6.613892106081731
-18.216035670377266
-10.708916568325312
29.64141939928702
-26.408675034841327
-32.58942408858092
11.307350507694366
11.749712512799826
11.208746515123343
-5.292298524765964
5.488650773086761
-2.5557663038766525
-17.38915389525916
-2.8624864747519987
1.2728153159904045
3.2230023414666484
12.11546899597758
-27.855111524692962
9.391428535457257
9.203412597383979
8.913665794726
-0.5831560241618093
5.830288830136443
16.413557139730774
-23.1669828898726
-8.481942389661006
-6.619189310246175
-0.3908332931826046
9.476631485239437
12.339171726223347
14.346364035909355
4.7659872571069375
29.46212275281087
11.260979368826876
30.952398005642056
6.418677355626632
11.250954925840858
13.030640154986989
6.626117172752099
-23.66772802125386
-29.303355302106496
16.20084966861499
-21.81934351243034
18.23571441757044
17.198952600923615
49.72232230110587
-21.31944307856005
-10.131607026926522
22.751132708947704
-15.434594985945523
27.965236704781557
-1.9342454686209674
17.686007862513026
-26.091445737136922
2.951720724336885
26.067216960868496
-10.509613615646515
26.216249408039328
24.819060681680213
4.814889907330932
26.708398642787188
27.383822245373796
-19.10423946667596
-46.970424672670475
-20.19823794717185
-8.867961198343144
-16.065953488029333
-21.572087992977107
-34.782474280217485
0.3989275527395364
-9.265690180478051
-11.821558741698064
-3.2453898473202116
1.2560979062879765
27.204362909312824
-27.23122612973798
27.33210360948748
2.8835420760542454
-39.38342315975438
-9.13218652696049
26.222698162688527
1.3523749306984882
-18.534582359141183
-2.809871272028109
-26.076849734715225
-36.18319285423855
-21.807317787273593
-3.0291763337249904
-28.794335311444485
3.8557854821967035
-1.1813023135748895
24.837857997292105
-12.655574564817593
2.1759032249419668
5.245042324515462
-35.113282768229105
19.231495500483334
-5.737646027513942
15.28414387087623
-4.695622362273421
33.930049601648456
-18.955856286504616
6.85488173584137
-9.267683593338594
26.14235504539988
-17.240218101794653
4.266010913316573
6.701517095614681
-43.71449243405815
-28.486876546543737
-20.20325534366654
8.836301998741922
-21.108300695833073
-1.0294322100471334
26.85811934671034
11.367035084790672
11.963363062246666
13.867157396982625
-18.279816923271586
-4.761349092751526
11.40700113935164
2.5642321940218835
-43.17177822104014
-40.00625708229537
62.301695072762094
9.402325373414982
26.037481596626765
27.476220840831058
-1.4703107844239582
-16.572358903361476
-18.009119241989833
-3.0763381456894385
19.070224487234515
18.835001669874135
10.562911763910648
19.029005436956407
-0.417540691498459
9.518008585961885
13.340968595225425
11.097369458509652
-21.826280165090612
-5.2683963960907265
-15.52478206976223
1.368903356909641
28.87739946976229
13.43007692498307
23.768857645020308
17.297271201018873
23.259510466707308
11.07150508544432
-10.582836650555711
-33.44892064013175
23.027010772757905
24.065653171850624
53.49338232089107
-7.589441243544731
-13.607917348244484
-0.27297114401729544
-12.429290404842542
-12.599345300403845
13.018237069834791
-1.2429417328064292
25.315336167465592
-7.937939109440397
-19.254960276845896
-28.183397391307125
-15.373648291631108
27.15355788521747
8.929846607317282
26.723978360708173
4.082035242946271
-0.2665424133901218
1.4216980140138844
11.334944262655256
-0.4712119814196856
8.05212067115601
12.510783057695164
-13.93516249622751
4.537584487796106
-32.05830027635906
-31.3309326169536
15.178546939881992
-13.881736903586093
-7.19041367763839
0.1645252800141274
50.47502545466033
6.498182519354164
-34.13138992710275
-11.250908792515323
3.0443833870510275
2.07611819718295
6.819904826309245
-10.525010860902114
-2.5491420994284417
4.427303954304269
-2.451536601954075
-28.330556194968484
8.137607332726096
-30.08980754489349
29.69513598256387
-14.094400615496681
2.1142331095252587
17.747109640809878
-15.286471817789703
-8.51971176643402
3.283100224701362
-13.86693796273453
-16.82901891515641
5.495334472527428
17.017331525862858
-12.764261915208996
-4.680676872247811
-15.163728850408907
-8.01261471531661
-13.950246094576718
1.7385039527189667
3.8752985773241164
2.8773374760257298
16.386878042795786
-27.46471365145022
-13.192115021244575
-12.221259915276002
33.94486376101276
6.396901479171997
-2.737154851381964
7.202171007597779
-22.05271496370497
17.859694231798454
37.75100250417563
-10.159066341526824
-2.6149139070192384
-17.984521285258136
-38.38306922384522
-18.577486872909628
-31.21647567094981
-13.436973704315298
3.0091521242220076
38.164995028622094
12.19565708028883
-27.286481704674458
17.600491003700267
16.9976004705526
-21.768206998291912
-28.112625100442084
12.879891460693491
-9.064356056777617
-43.954655310757495
-6.533254444475716
24.264060955691747
-1.232115689877124
-1.9036673972625995
-21.589800604692623
0.19111378385647035
-24.38320687997309
7.347914464794172
0.3546779016389223
-35.29286424859152
16.449795946084567
-0.38457861850431146
-19.968554120905537
-4.655838766389195
18.782099581411956
-0.7579809881806815
2.357037225622804
-1.1911295318391906
31.74821949092807
-17.167905032500517
-27.80599451219779
6.985879851773348
19.35287331283642
-12.922223341869605
10.894587989843226
-4.264466066548692
15.873151762766762
2.8521540131677816
2.3121986369786875
-4.554561876646962
13.256628592440828
-8.542816872692981
0.8320194616968593
-13.191536830235606
-13.822251726769103
-31.10238580976461
-10.882425314493323
-11.585058028029977
3.794953239271384
4.4298255885583915
41.73953940026946
-21.911207102454956
-12.69200181374625
-0.49040801630248637
22.092328896254617
4.122579943319768
5.887970103185192
-1.3256495936678523
8.370663495308841
-11.855874419258138
-19.25274187761433
13.776452720023732
11.75532302050929
2.897666822865318
-22.66576345808205
-39.805312627873214
4.009369735680745
-17.72208590046829
-9.628245835657927
20.424614686828722
55.5407985233225
-7.287097396854051
-25.382246790127237
4.017090659704858
