averaged_values
-6.117497684090523
6.441180930217965
-5.197359400760303
1.2646740567612913
-4.711397366051905
-1.178138499229758
16.60009268399114
-8.201241078934581
-9.64459089080967
-21.851265971325816
4.208201333560211
-24.50368265024586
-4.247101322695618
26.05365104149945
-2.5618621224734404
0.5812658395919996
-11.184805470864992
-18.814535462733435
22.932628987440022
-4.642557840940552
-6.960194971443481
-16.9713448859448
-1.0734806495803608
-0.948016746609826
-16.535819271436754
-11.07036195032481
20.334383336193113
33.70586430282537
4.05460816607534
-0.7353976435898874
43.49920424770759
-23.040566494961656
-14.912988956523343
4.634542702166766
-0.17799555111052712
-1.6916628821735051
-7.732573085620214
5.070306421267006
-0.8393322958496441
-23.287911849517283
2.2593587608280097
-15.180003015558134
18.196266757073733
-1.5206979163269005
5.264908432384658
27.112655440967853
7.204573271068621
10.376135113178359
-21.70597769338276
-16.00988210586537
-14.063511844895187
-0.899153573447992
1.40140971917549
-4.919452560942811
-13.077226737551802
-3.8040807028225103
-14.443859119016283
3.2784107717856847
3.866474622058064
-16.196535565171363
6.703273393355066
30.02519602615647
-6.235630636761615
-11.540908010545953
-7.878855597674016
15.96667137387781
-22.21404216135305
-23.093048131633292
7.849338029035121
34.211699753964304
-19.851783299185737
7.202040170267753
18.635452935223714
-6.459282211214318
-7.088528751266058
-1.2753119937688144
11.802497176644247
26.21958740021893
5.569388355882417
-4.236381970469123
4.587658871503023
-21.534444913114825
-19.798442203727017
-11.65384596212052
-13.708430955509405
-4.270918097582057
0.15653636874548957
-14.866489709427894
9.677489925224878
-2.31584809662075
-4.370662141279377
22.246796981859873
-0.33298836929610803
14.76003174328182
17.361630756389783
-25.238526055870903
12.154223541681992
8.927970343719403
-0.4457739456883969
18.799439368839362
-29.72590307378022
16.997161692763978
8.002734807235077
7.889312486233304
6.741240144220377
-3.3178482404170544
-32.40453889887953
16.71979590513266
-3.342945709730015
-5.374485108518738
-38.05375831230946
14.744796424159624
-23.49516810773531
-5.252663995327732
-6.563615581325156
13.25795255242985
-18.544568005260015
23.567179946320735
-9.19733469160824
-5.121590091424468
5.358046086840228
-1.2693011535266576
-13.042822532296277
7.841874661492024
-7.555129214750527
-18.42021935075845
13.300086284685854
-9.680943918810863
-9.727651661826883
6.3384645545050375
7.549015817526215
24.413879127541907
-5.694954800394302
6.032153493505255
-8.84366672531962
-12.118570570716296
7.822834863576446
1.943165998193571
-9.180570920403385
-4.664883580290495
8.744118347880672
-18.392342244537094
2.2090732399785487
-2.4048116398525514
-22.891082369357434
-29.928426978502788
-20.574455210549228
20.14988209480528
1.5402501686143637
-16.972112183654
1.0999686036214487
9.127886479113217
16.72973782392891
17.361092460149337
-10.703075996722959
-9.817378707387205
5.076340561796084
0.10865708051425578
16.668049326794605
22.3515932116744
9.342908879468162
-8.255075905581023
11.840041422036585
-7.002365795722845
-4.1503876798081905
7.119285456468816
-4.418653977741957
-17.512644305305482
-9.089219005108037
-5.493631255340444
4.173480857869784
8.313567342234874
-7.7323681434142415
3.6387204059228586
6.37168557240566
1.0396829652573274
17.388160895671593
3.3729906210012337
-0.8364404220588381
-3.4010818823963027
13.133525151169337
-4.497023667535551
18.865743406501824
24.711652153333418
12.014973856768016
3.356666299412249
-7.919158508255997
14.994473839421756
-7.806351207863867
12.641416907666551
20.110723521792654
-8.085869587636578
-15.651316998593197
13.15041913891116
-15.90257496192446
6.610460780981536
7.980258861593735
12.160707330906718
-14.538446819801228
-10.069701655649764
9.264956647875982
0.8857472741382892
0.8659162473983102
-0.0398143539482283
0.6332560981978995
0.6394857065895253
11.868469825076616
1.4748618421857147
-13.510035401756992
-7.674580018111892
4.848664903840866
-8.867089516178806
12.887409393823168
-4.979956672013512
-10.574396041346382
-6.459230035695171
-6.209078131323847
-6.5291283360272585
-14.061505651345788
7.58504604412381
0.4846113024228463
7.83373335014996
-39.093669568957516
3.287419088695233
7.561269444110437
11.94339156743262
-11.424954913668829
10.857160049367236
-2.87267079437315
-21.60276209851609
-10.742091954453286
3.2372273524787687
-18.59760480756943
-5.046033286814267
15.159672357920089
4.130970909202076
27.5981637854196
-19.808743069438833
-26.321597465728605
-12.507586204405447
-11.220670575765963
-11.536904730301897
-7.689207699865533
18.863693903233465
-4.656979318145633
5.872835254429873
12.121588566115323
-4.7324007144027815
-28.639970413415757
6.1906343463563
-4.756482048046
6.238755145012483
25.691532500631336
-13.807620469261563
-9.736174782458564
12.78870370401117
18.809882774660128
-12.391569117377136
-7.305601439436875
-4.8276063470793344
-8.586413322312211
-1.774693176671967
9.535589297199307
3.553782530547051
10.997478052734339
25.009096144374677
-2.026687424741065
-8.091643373441983
-9.609269768932414
7.971022556776191
20.41749021153821
-15.876003131778134
-17.533544088829217
-16.801754748241184
4.078147199987105
-5.609813188814731
27.55229266448561
-12.15956378523416
0.19842081655210833
-11.933355869508036
-13.32475500976595
8.392900725637856
-29.200618818008394
-14.146572722064697
16.81163154108611
16.488095620929695
10.425519347809859
1.7699053589085356
-24.431334895574185
1.7141508032124027
4.051981269662349
4.222299320243759
19.047704664135292
-13.06626226452545
5.620589015738321
12.547261778252441
-15.75034397901026
14.87435663178635
7.2366904920600605
3.2665250150903398
-5.421306860620142
-37.86276435858374
9.873005216002156
9.542277322190513
-18.199047799947838
-3.505227216209979
7.291919799975804
-7.114849234407704
-4.090358908055994
-2.0905470527632444
17.22549061862474
18.40687723339696
-28.510765024446794
-15.935912942917874
8.208574906861037
-2.9046321695058737
-15.874506999585023
10.123990473910796
29.07384399885575
-2.7338901708829013
2.5593256031449676
11.000131761934838
46.88168823676077
-0.14236135431920846
-16.15310055309448
5.76596535573263
-7.678803671527824
12.101798662876377
-0.24922462620545835
3.611308897703926
-25.7704167696519
0.18732109306246278
7.2208119999360605
-13.684030685722218
-5.464798627699207
4.756517139196809
12.441651065196055
-7.195681049324747
27.544826335423107
6.511719082107841
3.9194502610235893
22.69478582836992
4.179108728371024
5.441480250411627
-17.8380833433857
15.515283429404706
6.594443838387053
15.41730299866335
-14.272167973561972
2.588713697787876
8.092401808925088
15.80426269502996
-14.549247403950721
-12.245112698309349
-12.839003360657626
9.437370682833562
-8.613521685768989
-20.291118026209077
28.569479642728552
-4.285609562418178
-2.9609142749450874
-8.539300023911778
16.40827177859582
-18.521265088011393
7.204892875792308
30.62435553814697
-13.824250916010342
10.219571388476888
-2.79600296409928
6.686254661491335
-10.33198919212653
-13.627118963551835
-25.98279289338772
-3.8019260170216285
12.740363031261394
10.22411430347004
35.61467903482703
-7.4509813129275075
-3.497190364345554
19.18762281411167
7.42052215659847
2.855603009673731
3.544780535189647
-5.021124497735265
-17.48943612367982
-5.7955292058101975
8.556485043355869
-4.2446374298733645
-13.631455652085249
-2.2341516274885103
4.643530575728735
-13.946887787722455
-12.031490527853334
-12.118743046101507
-19.376660630262446
-3.884296511606079
5.777211416338538
5.6484640328528135
6.713816614976203
2.3177919746822133
6.443386696571127
-3.411682077096264
-4.020661034208696
2.6386673143488677
0.4960248739922713
-7.353301756565149
2.329655806480043
-4.912533639973749
4.62235035764336
-2.9495909052950062
-1.0785441571691596
-9.209672048952887
-6.640111723983497
14.24604042049424
-2.227012836205153
27.226286962911473
-9.038517616067473
-0.42954403038458855
22.215022398677878
14.405898753597524
29.13955226431486
-0.09705640154865103
14.490280561722422
22.622866361959467
-1.5030075474067293
-17.88486185986518
-6.544953531342223
-17.86845391426862
-14.652861426746695
23.67202276514679
-4.794067321714088
-10.024592279294444
14.038357341392889
18.817682892954235
-4.348917773345785
3.513211217429749
-14.098180111667013
14.884233268196736
-11.397447959566101
31.59372782871691
-14.633046237384127
-9.636787001435495
-4.314389749899469
21.613157922649695
-11.216872840417274
-28.929873973728302
22.70625785356579
8.850086520603346
-0.07981038577396034
22.305143285884114
-6.34629098078345
10.926047228116046
-6.54973804290137
14.767586496356762
-4.9070128724111886
-8.040055346698766
5.908390311715894
-23.0869834339093
-5.656180345780318
5.499832275635484
6.913388914627032
4.520508405718512
23.61769663578256
11.134295031405443
3.8218527891779366
-24.87477019192798
12.787460256727178
4.448379939246524
5.728560032097086
11.970938091776118
13.732502854777776
-5.836774233520259
1.3496035460483544
-4.876342623368916
8.286977988122665
8.25221498084848
-9.18067520895314
9.046113765531183
17.00731188084968
11.895910210366003
2.8053463381164625
-20.839959245735784
9.345917966926551
-15.948254350727682
-12.470536403110232
-4.496608152719588
-12.145883289818292
-4.082943806441807
4.710986912679554
-17.6547548472664
-0.6455857968830733
-8.253490127905946
11.100920607453494
6.112992619026197
-4.190412822378572
-24.27141475011702
0.07739271122816405
-13.664319817833544
-7.416216392471218
-0.336941755170791
-17.85194903977213
-6.306694889303951
-10.529243712310931
-12.027624815515344
-3.720498960697045
13.413446546545119
9.247935834371672
-18.22573339484798
5.915892236121806
7.028361456182213
-0.29140499858887353
28.066639496698354
9.860403741668753
-0.45223793794109923
7.826508440594313
2.404627439085175
-7.648200710444193
-11.058989092301886
-2.2467562181305163
8.616214537374768
-10.046349693850763
3.555245266214468
25.512695285098715
-6.756581777868038
-2.869842871220198
-6.9744345027563694
15.18937489782799
2.7202066495975643
15.400466946671914
0.9163200097203822
-14.993242371160582
-20.559178175245872
5.382532126186898
8.208950229534489
-0.9395505985487272
-3.3661692484617682
17.292145712322032
-3.970137351786358
-5.956076267502884
-7.222737767285778
9.963278066874873
9.25552086924509
15.751487262451562
9.733461691560608
1.3209781936040652
6.50415515795421
0.7142641491495662
-2.1725039004664026
-15.979738263803405
-26.771724833102695
25.15091812860572
-12.671249107807503
8.094871750504105
0.27515642835733445
6.015468870875762
-22.698156936117673
16.884466105541737
-8.908505100505971
-8.350339241697597
-6.813529747924766
-7.848117859324738
8.036396402236674
23.564338372796215
25.970514593784888
-4.572520201471536
-6.36736332589746
-3.303468215840534
-8.499212128805295
22.64869247559643
13.573046799228855
27.200853016720625
-0.48012645240674584
10.56852909823396
-13.808500380377607
-16.893917443358763
11.576587111903907
-20.37888018594342
23.02006001024992
-8.86404330002014
4.7341890017151185
4.084700160334809
2.351018297175628
-24.90033385064649
-2.567949833216647
6.390864600233596
15.865740460545654
-1.0354852972800639
0.5536539551906143
-11.3426869941911
-0.994193841423621
16.296535637861957
-5.337919247280941
6.279435620114583
1.6197169030629013
-16.758819391792127
-28.892960230859682
-0.40145544863843236
-19.07989393908883
-13.585621357469812
8.386470122397014
-16.848983765629743
5.582907567487962
9.38152279606379
22.18889227537591
-21.523815431895375
1.367547403601833
-22.06516450803802
0.8568320384168161
-37.64721304543469
8.39819414605732
-7.088572615642204
25.499268101394133
-10.157152508362662
1.1855722141586684
16.589891195954753
17.018647566805623
11.279869855992722
13.73298603374777
15.141845995133655
0.8078940260514974
9.17413885650003
-18.701401563342642
-29.089824393472856
6.93514220977211
4.846359843416725
8.492354208198892
7.113148084411141
-5.42612769629704
-5.091244411007902
21.945194549334175
-2.059141401259623
-29.95681820759603
-12.440034190568523
-29.812632215414897
-3.5643524420362525
6.319654047621223
3.4529267984985617
7.139544506014762
3.8689259048509803
-6.7608781618926725
-14.266378614388321
14.018459332055917
-13.068555502300528
-16.783846923495176
-4.782763712195013
-10.512333608897123
-8.945278229803973
6.899494136360168
2.8728723964913687
4.6593764410407035
0.5875161124083305
-10.794842036505907
6.104011219375454
7.537275026225973
-12.184949259547608
-7.195420222159363
-9.566607694838195
8.555839091710162
3.568998171913696
-6.3400101233189075
-0.035525673160030635
-5.644840671649848
-12.900909175542717
-11.92794837884695
-19.158304698835178
4.411428976642061
-11.345294479193669
-12.942996918088513
-7.429831397852976
15.521954891692095
-6.147040132503662
19.258894144511366
1.309548862626767
16.500545120535218
4.3988919990455315
21.352992711473544
-4.71407056327175
-10.275861409699354
13.673691854246329
-12.875628980396584
-3.324057062324684
-11.466339233550345
-15.836146280243872
0.5240469301523825
-5.040807411152289
3.758569962850627
17.80836404031781
8.27821563955404
-10.367437887780389
16.08928370135145
10.807674008939564
-8.218678509589262
-14.421438846474906
2.6238277721866297
23.287843411594224
11.828112942728298
-0.5689022531384443
-7.598787212475419
-11.024252773526007
7.615699486429143
12.461717035988679
12.440618395023073
26.001534353875172
-5.7824104913246686
-4.629638022447217
-9.952248016679748
-2.211981263840343
6.218632670404456
-14.447954540803197
-4.918206295007941
-16.12189141120287
19.59875322714049
1.8308890212770261
-11.385951431468714
17.300003968295304
7.006547701149141
-11.103193354185146
11.646836237330673
-16.947153636306247
13.343210593084706
-10.697007346694688
17.640242645525444
9.295939334953227
8.402766983657457
-8.832400491055466
5.86163014240941
21.216402904556436
5.626812530699342
14.084570701895837
7.442878467236771
5.454383472352849
3.31135130703624
-2.3563365286489812
-14.601508391879447
-21.996716987945927
-9.684639296966738
12.035711542064233
37.08673577151658
-17.151337806559226
-19.924990900147616
-13.458954351153336
-11.116036327248636
6.541930658843117
-16.428864623771066
21.01898196857051
-1.0496608336496442
8.269363206929693
-19.38011959202748
1.7328664489500316
-6.226900547554737
-2.3192987009871215
18.02099779049836
0.22519216199043277
3.682340857812766
-2.2789859404061086
11.264770893213978
-3.816777069606912
14.491266650500974
6.447871474718769
-15.555689734827888
22.640889582836717
14.042502488959535
6.63402111503531
-0.8105647882825933
26.327801319843832
-1.2687226785355605
-5.6875834405379875
-24.025904497218846
0.3542508488910603
-12.527160742250851
-0.829697017810889
9.487108651072012
13.340973684734585
-0.47639927284204947
-3.5220487736992276
13.905270042900016
12.529706288432072
17.92471614489012
-8.979288403852436
9.950869400713321
20.227385699355025
2.1175380087320828
24.00497646617825
3.4677819049411718
-14.937792435088602
8.367589347662852
-8.43487478298717
11.435572137005984
-3.896217002259874
0.9544952327769683
-16.8278865224332
0.8464441490800306
-19.581954962721884
2.8050536908879855
-30.69858373276037
-1.5567633546080588
-16.10241418132667
0.9163838573357594
-26.99314620682084
15.732668013539836
-0.6307402970672699
10.685243680308618
-20.356149061650672
2.5562200653545823
8.24542265107008
0.580214856328792
-15.997368666837895
5.572516998595032
-36.19955894563213
12.978951478002147
9.606506123388966
-17.99445064449831
20.496967011317867
9.074757589705941
1.530145651662212
-16.890576132295774
8.187572572260152
36.13841318104657
-28.686395263267737
-5.0987407439975385
-16.523487069678243
-2.9793545286631513
6.201655484940716
12.909197156862168
-1.3179784676392685
-5.4168630801344975
-17.808034486759595
-13.634181892488536
-18.157056108048838
-29.948248064832516
36.41684458366916
-9.18069375042226
9.334951076732095
0.06325448302481836
-2.005584762146188
14.931121658608776
27.910677827675073
6.2283722062306355
-3.587612122696742
-0.6372960920943976
-16.064382193864976
-20.63219064329779
24.05269574670108
-4.086368432976099
7.558997542823394
-18.635631798975997
-6.137787987090188
0.834636204958289
20.31095138042625
-12.769381032701467
-4.897049592522379
-21.09029151963637
-5.637333693957662
6.5971248011143215
-14.805469142128253
-17.416508282822264
-31.269240470932996
1.7277561350788417
-14.66915228555905
-22.337610991912456
0.07214620917400565
4.143091763530816
1.0467714996484339
-5.360082510354661
-12.874254724854367
-15.883453701976201
8.636067476984685
-11.092788457473342
-41.28240141844662
7.704277513538045
6.5582874516350005
7.434179748029099
-12.34465431881027
11.768251101317714
-9.89039465687987
-1.7070156441319402
-7.083754971899268
15.156949876308765
5.056431235730725
-4.026924664920398
3.095317079213409
-4.1058008320719095
4.986036638127565
7.363304809622615
8.955807869413738
0.9536061509350707
-11.912026222040652
3.7008642308243225
10.688932152200344
-2.027022545071691
-7.909346606007188
28.788591853638973
0.6139706084164658
-7.088078493240158
12.106281857965337
-2.899093334055768
14.930274590057303
19.281648453394737
4.391379817512856
-13.711820684487
-1.2257705226924502
2.4086498444445184
5.248497233755472
9.580281792611718
5.409109679163582
-8.04581705774965
9.2347797520655
3.1087035267203547
4.413968580213793
-9.677075151900057
-11.745268286751298
8.829048820368852
8.246022542738162
-0.7392161358590931
7.3436529580588354
-4.6084519933858346
-19.373775202118313
-24.61010669533515
14.649703510816428
-10.244620776744677
-4.146431243293113
-22.487446907187906
-2.436156538009778
16.444944861904688
-9.186066017262482
9.145377226023262
-0.7780225210496093
-0.7879682402481004
-2.7382747962281897
-3.8860056560035687
19.008328976870136
4.247013635413762
12.997610421224154
-7.558581725620208
-4.581703268850172
-2.229392132860928
-2.8266940628247994
11.393780589852929
16.285919307753915
12.301392253227569
14.643382469297224
21.287324520617357
0.7943624444002925
-5.590949498075031
17.75822882298458
-31.884917426191432
4.439008179821158
18.772380056800984
-7.336653080769348
-0.730433505877509
0.9305443973149702
3.450974986340505
-6.576975482448677
-16.74271472281926
-20.236849047342485
-6.672359122241251
-16.408737530768587
-16.423475238193678
15.406436396591205
-10.387374296473418
-12.918805946251384
-0.8803206641042226
-8.096759986498006
11.078820245934423
-3.5001488444735194
-18.45279490396805
-19.675443355403
-5.751205514275021
-29.197158200316196
0.41020452931158297
-14.691178732302554
-15.738708284181003
-5.709493039065521
-8.342032863865349
5.208849842762675
-10.06679692543267
-6.045958737845647
-4.602957601636684
-8.59246817137174
-3.28873834358883
-2.080889494079777
13.347002304101563
-7.89365814336085
15.414060872760281
-10.08053629779351
-3.8050834517916194
-13.999447827416985
-14.07273129032972
32.74807428768528
-4.103594555034268
4.078189829081381
-2.457346447570482
-17.528087115182934
0.034857727933041836
-13.207963115986646
10.630343017366181
-8.267862348449837
4.058469109508539
-12.306824450049865
0.9434750404836619
-3.3997667846146773
-21.587619568170208
-29.348438995547713
6.0729890149265655
-13.529683661713058
5.024294875688706
14.603313420618406
7.536952343205191
-4.929742027575924
-0.4816914822318095
5.366020989894577
22.735865992865016
9.670094514034597
-15.908704580874337
1.8634805486648578
-0.37009346060184223
0.25070223063074576
-1.7084606684167813
-6.960591696817953
-17.765269342094694
-3.564686122378774
2.700177907845751
5.086475747382544
15.651648646353403
-10.501282092199368
4.749438628776559
-18.366845074298084
8.643654057322097
18.371028047875484
-23.868825784311685
-17.936993867891655
9.297880686686902
2.495077383806127
-6.595761726807265
-3.2512001204268404
17.692800600252113
7.605861083295257
-24.386516219007444
-28.95217212044484
13.107722457158715
-12.478032068745954
-22.123666589478983
-0.5581544489059218
12.371203570264777
8.417991618755705
-21.955858921214418
14.963789356695367
-16.02895069020708
-2.474391239071371
-9.898200466213666
17.398003481013316
4.275731591118964
-21.05094609497199
-1.161259036785793
5.95546756283608
19.937750139837274
-8.318280778827726
8.021456912287748
-12.553371538214817
0.7732233561789409
-11.37769271553409
-16.83929775360614
-9.756025990151239
21.52198483456088
-18.637917285058297
2.9530976713604864
3.233009737990846
7.879511553233631
-3.1548737738516905
1.405131502475631
-6.631829442613821
9.696872378087706
11.585226671021417
-14.355355868861366
-13.36343855241595
-8.577039295508753
-2.973806827739173
-1.4439934021697434
19.853455410355934
6.918357508005838
5.672464358952774
-6.384904424289282
-3.0468561923688546
-6.801163672163604
-1.5295048252955468
22.407736961149904
-1.9745567218132436
-1.7210781661027903
4.276143401747016
2.7243973605188287
-18.15700844909595
-9.845313647800857
-1.0016618375615138
10.30616433027304
2.7831073386297596
12.936594869153582
7.906851577868608
-20.312222274372704
3.2896570663464124
14.907501396175334
-2.9119116097287354
-2.123441610264931
-10.137292968274393
-6.695539938521864
3.0464392655226646
-2.8595572748358244
-20.080519027690084
-16.45251489894073
6.8567748823368975
-9.82183506629802
19.479717956745713
-31.780466655767786
-13.129539262667182
-16.453860158832686
2.8484840595846728
6.199543623219459
11.287842599615635
-13.021154908717548
8.787458086521786
-17.760052127284002
-0.45521332608849957
23.54119034915169
-8.284802581884414
-8.469791771154803
-44.43237173912149
2.69387564806501
2.855374999801093
-22.41001676519582
-7.236643158410156
-8.58398906674857
-2.860330400142859
-1.9642456328599753
-14.063833116873433
5.320030232635776
3.9827592004142787
22.06254216114287
-12.648634939460264
-6.223760773813773
17.28880201169275
-12.330369693344492
-0.9585830493475503
-2.549543256790526
1.901576393870947
22.10979873857573
11.325524803171325
-7.982540100309585
15.964254047319967
-20.43198980123243
15.363961169489627
22.704156561602726
17.654833213079005
9.39649508866996
-24.58232476503953
-8.528663753826072
8.323397545579224
-22.72639773652975
-8.993014343289431
7.976344398875834
14.525756919534887
27.239917679361756
2.104952250010245
-10.862591500300683
3.4502361463087823
10.061597085093986
-8.730372827355842
18.37907430202657
-3.2421179462548366
8.174153307204515
-18.566011894501575
15.407861332491384
20.796318070565704
13.814462621486038
12.450288850103243
4.406442712794433
-3.199534756556323
-2.329634068998753
-17.40577201770927
-0.26251817723531934
-0.9203981168587939
8.9473066046128
-0.013034425262084056
-1.6637757123116377
-9.378706557110519
5.053308720289228
-7.057814422051668
24.555103745740684
-3.0411522586698845
-9.403420135812297
1.9110829419423823
-28.00234204955703
29.04677905779454
0.11959404105043363
14.444247000879722
-8.763918521766675
9.179979685632688
6.521471982787911
7.5730807949794725
16.885151895260112
3.537339077776494
-27.63862156824841
0.5389193999658465
-10.55423896887414
-5.753467108729867
16.449825224183243
-27.958842519964193
9.927970225435311
-23.71844669245617
-17.652166345929235
30.653009913635405
3.0646531461203708
10.08365574438549
10.988678135252705
-0.7244511608046741
-3.113656784544998
32.604995704744404
-18.568662500191653
-15.408130797850033
-8.346613713400926
-4.595911968747676
-24.414781042906668
1.4510926633559482
1.1556552330273486
1.9857196198183764
-17.932139316004086
-12.730073699556124
13.611415775129531
3.3440520873534703
-0.5143027425048459
-0.24892676373688513
3.3532919563908052
3.434685381362833
7.171792450004996
8.284412330263947
22.68253977576302
-12.71103348807033
8.021666702177496
11.426814843035826
-21.245882415137007
-38.03949649911144
18.968996398631006
11.027830038765456
-30.419682083803107
6.69583568247274
-22.65858340308065
6.660362428119967
-23.173448383541864
2.1636397448973033
6.505320455717485
5.987506697400903
6.938147173193481
-11.389264103616329
-10.992261395554827
0.1694975087933459
0.5462318249389994
-13.126947051079407
-1.6356657252181865
-6.906932294817288
1.424605865960821
6.3159259980836895
-7.772049888518318
-6.990007677050379
21.325345177184108
5.515460037452613
15.566338930528252
-11.801040370119026
-9.008755261068956
3.662492686605802
21.989888259461903
9.753715547639166
-7.873079602030181
20.29258618588047
6.66185678254008
-7.317404050362579
18.052537170216425
14.497099419026574
-6.593692393103005
-3.439562484014521
-12.994650844634357
6.966300720815137
10.473318995193331
0.547481952067623
-17.851337065031796
-3.1095413313124944
-5.714135167289389
-5.2307271225556
-45.20217542284948
31.722542873268868
-6.387877156932054
27.279880005741575
-2.359098715587069
5.695959824148384
-2.3960207463383107
-7.936439359625815
-5.605268227246398
-0.5730020471888698
-15.143593557563406
1.5191389345149868
-3.4014935478331148
-18.930048744002388
25.33132933066341
14.947403918177221
15.223615813266214
8.988301315700921
-2.91517749536618
7.278267086601391
-25.19589149125399
-0.3706153337510308
8.682372111581001
-18.264028659724545
10.700814162294016
8.542070532332593
-6.772191239791645
-3.059594668466964
5.372132795202693
-14.92064766009396
-6.095332099418577
14.257741277692146
-11.643371467225373
-7.666835596653911
-31.34596723272527
14.00050151576368
-17.856942021032577
-13.041281639786275
-11.681572706850424
-11.0060624706743
14.210564765338754
-10.949070263028274
5.6736367609450395
20.541375489088914
9.370234717316398
-1.7544391242232154
7.471452545477966
-0.3653676939638995
-20.432919669970108
-13.393644414116672
20.19999303766065
16.06012667907367
3.610003607743872
-0.27358668414469894
-5.777432193672358
-5.011691000391248
21.21272415515694
11.103183552804266
7.130526908561556
-5.775015471383905
11.585784123923304
-4.935341477240681
-2.71325586822023
0.9661429587934075
8.94714541335314
15.876070561100752
-3.9047599770069596
-9.086030356325471
-16.427614396879623
-3.4037745620714404
-7.108108365631156
2.9261090815224855
-8.480389462615515
-6.917512179483228
-16.85605427962162
0.4484147217065011
-5.748509029697128
-1.695859779464499
4.399599555140011
-19.507227260780688
-7.3871261287690215
2.007905718777655
4.895506334178634
-12.46383646428174
-33.00544170150202
13.03366092640833
25.253899788165985
5.722128295478451
-9.94755484541966
-15.174132845054197
5.5362415730831716
-4.622776165806873
28.722513140140734
0.9131280900109712
-24.5157675491896
4.458298257778175
-10.422618343839012
8.59310785526541
-1.7929489163742147
-30.83010070324453
8.056371672413777
-6.1414606656416595
27.28969488208035
-0.897830791726354
13.598688094770806
0.7129161826082989
13.252746669895288
-3.552257466557402
0.6598487593983245
2.980494574807874
14.699398484819314
-7.640670544382556
-21.658693270406634
24.771842262565784
-5.627988877037339
-1.9069274483140006
-17.15845909313339
19.083274334185656
-13.614652163774243
-8.887573986392148
2.2888044370472542
0.11968853447759413
-12.645280414205454
6.668374090677946
3.7860445859215113
21.172239235893482
-16.525720850633693
-3.88393517905025
-3.9478041430921778
-12.933746134725586
-6.328985636293777
8.014679608646935
28.461047763417927
-12.659720886677123
25.001669928616284
4.043994195513953
1.8448070897264703
24.185203199586372
-14.493595247400897
-24.80364037251957
9.286489522758025
3.7521579311405637
12.310320040024665
-1.879836163485983
19.57021678462082
-18.007452065688998
-22.555482236874244
-12.790726538851422
5.845154919968607
-4.389728476991881
-13.069932132559634
1.5838960621035365
4.130905938204461
18.759977730590823
3.2526508738072146
-0.03869649115984449
-6.405290937176088
-6.891361420546706
-7.404201802055728
-15.023023438480218
5.879617152541144
1.6735496377404668
-4.7942153771614615
13.885430423630552
21.080443439205133
-13.662109980942736
16.572126885900776
17.715091844206825
4.685106354757775
11.527988262511116
-1.5099935689872293
6.9685010457815535
0.16669883745739145
11.460793219294338
-17.812542046525106
-12.360455552215731
-7.912660360384723
-27.730279649908
-7.46529803708642
-0.33210463083594693
-1.0434529587396995
2.350445312008439
-11.808726001252978
0.47388694599850617
-9.150522555606356
-7.527086229853971
6.919930923069548
-17.30071315754787
-3.467307787594031
-7.7575517399954945
8.309663701948693
0.579219946858525
9.389412057397733
7.16280805646236
21.968203784018083
-7.536910911469502
5.899183061955751
19.987499956359525
4.590262993098032
-21.2928028093181
10.337797414578176
-2.919983134781082
1.917319377866716
-5.540067488255822
-10.967178402573788
-0.6945011880372175
20.31285331638293
-11.986687050083342
1.2922086731725313
-8.947280628226814
8.10602604256457
12.436449135633495
-15.383659933683717
-9.69627972876433
5.392667072542871
11.959175892086478
8.280446165788547
18.877556368835297
12.540904376405658
-17.674095785729687
2.0573682747083333
6.1957482402336055
6.018406473897343
5.095392894868856
7.274361137348791
2.689498536573249
-11.850478634064288
1.6705221624695954
7.068205838533231
1.0023297667937854
5.177143628538883
-7.239208614899506
6.83352408929959
-6.544916979080521
-7.0380074813573
2.0499186538251712
-18.456548777220796
-6.533728987423395
3.323523464167188
16.9242269081134
11.318571371464037
-3.6676846884447394
8.747897768626302
2.945338721235314
17.455985399808398
11.803311407775185
-6.570664077246832
-0.16025395583895366
-16.91214965609817
-2.674762271769765
3.33576193719752
13.566142849120562
-3.6932882402645526
-2.1425052176596346
0.816553453208743
3.072390521039831
-18.80099539762558
-23.797056278227117
23.47794432700095
-6.530049755781337
11.24659770551074
35.50983465983757
-7.69846048608138
-11.741630194272277
-8.81118569390504
-17.253396045235547
-14.483978963481997
-12.361283443381547
7.966716505115684
-6.019777861133062
8.757286430655123
-24.637753378837576
-12.200395353494235
30.196923134261876
11.65727024457049
-9.410805433971065
-17.56199898622089
-3.3945049275125094
-7.4141382315710445
-16.870311947794224
0.2773443647357987
9.539484411718355
1.145535147584513
-2.5446606877983413
-5.224962413889732
14.556201124821557
-5.313742485388552
-6.750887696658109
10.54848105782605
17.47937740149914
-6.208026361583481
-11.656707097990386
17.523792210423945
-14.662347038254337
-3.938158960974556
3.4205660560001783
-15.529370820804123
1.802419195740922
-1.4385734214430481
18.660074858990416
5.163023374342423
-9.563249810607774
1.2591277761313648
24.522278312139196
0.7289089701571237
-16.007913038511187
0.8657206067883815
2.9948268022664166
-8.27436943200574
-20.90911081946672
2.7024984156555782
6.941195619184474
12.88008865399033
-6.196493501955065
5.685917503954009
3.039909266072326
-4.618092537979375
-9.305673319131062
-18.770822996240284
20.22174648444037
13.072561724694905
-3.0073877853461894
29.792191693977887
8.65831226112163
9.592350216980845
-0.31094488387367863
8.848947427915276
-1.8918288628865152
9.648377571337653
-13.055485832247
-8.737510316974316
11.093332715079484
-7.121505204848094
-0.32223593544594564
18.734981334620482
-1.8503541414613025
-16.701322020014043
-9.513193635285807
15.01192167149039
23.852356254890044
-11.41668487965022
16.95523359491695
-2.4592191849951868
-4.5754709201250465
17.224119321353708
1.0381399740050412
9.055941626712123
22.905350917194728
-16.464384698012907
-18.181992699112886
-5.542743137070683
7.348054058340733
-4.161587000094698
-14.450951114928285
3.8015391008243333
-27.23515896264264
8.231697441379103
5.197723389938237
-31.01999201986474
-43.17003388087403
7.202765558070072
-2.441691837726772
-5.9024755419466715
19.648954448704657
13.038250782279897
18.363852480866147
18.440591163516803
-10.430536020320616
0.4704148142671422
1.0702412311145508
4.339095873250822
1.2418911276200078
11.458098729926219
-6.704474683199457
-29.230733401874385
-5.716075319487115
3.3534441556867094
-0.875279093021888
-8.719569238487985
-4.997861633521187
-23.1138996513511
9.531117011688616
0.9615104845987544
15.554997140027291
-14.839449685505244
16.159237165057917
-6.34732859422288
-2.4769095905648535
-15.841860902374052
23.98489493484844
11.278645995707974
23.67346108000341
-7.6357846065718435
-3.598574897241413
25.37403453780318
-7.61061552640808
-22.805517984807093
-8.633507289402518
4.260591061033189
7.104167444862881
1.519464249888782
-9.489673279061678
25.772760925106798
9.044489020919924
-2.6967900740701225
-11.91950850623679
-6.629993083659571
21.293107565504496
-19.633595615368957
-23.223726632041153
7.614985151900437
9.521072048660267
7.428307384731302
-3.1994152230199497
-0.9812153572304988
-3.720210420871434
-12.642464737689664
-5.505012946186414
-2.2702142367064013
0.1977731431319043
6.932535755800842
-24.566921413826325
3.869285395928619
0.5067928244137411
0.26000292895839267
3.705767256937141
1.7758683118116254
11.602233278943944
-13.326529014636646
-10.794999682381516
-5.269972056177994
-0.22285092416355945
2.515893960899412
9.838642201430517
6.7451110461966435
-0.13187631424164437
18.881892398684926
9.090085618145833
16.298013433432512
0.10430069393433132
9.271050296465342
2.438609428354381
2.922936958166254
-8.449704318203489
-16.174641654301617
2.6241661830896974
-17.888390054890714
8.532906163810091
7.457894640560256
30.69936794296257
-14.70325044598358
-3.6512365162572897
14.047973337000633
-9.583936101580397
18.30598438957712
-0.5312240391178898
15.082839948563205
-13.208317805686484
0.09338047860817748
11.179757244207565
-13.02617913668069
12.731052598472886
19.510702992571463
5.04542753350128
18.934004244427168
15.17088765477334
-11.784791892306508
-29.56596305409953
-15.490116318948047
-6.410321651149819
-15.215363074461651
-18.075392627323705
-22.72330619068291
2.5999883022785895
-4.482723412129421
-6.602779414771386
-2.6845706411465735
-4.071795169901793
13.790114974300096
-18.791365562387686
19.00662970420279
-1.6190995526373608
-25.499045119322943
-4.2088588758704875
18.66503302769808
-4.671604434025251
-11.945058080772379
-3.3424285519126564
-17.33483689565173
-21.567710036707112
-13.823130465145612
3.7005097260827498
-21.01656565535222
1.6348859503676845
-0.6818973816200705
17.940520031212873
-4.9006593314172235
-2.858303781934429
0.03024128783839804
-14.978709499620058
5.03083270614921
1.0164867575195988
8.683587407784566
-3.8036646468216495
21.535995071461695
-10.847053322442719
9.651992324929575
-7.506833852367822
20.57195168716772
-11.374432951798843
1.8834596767358558
4.283003711366216
-23.27036667360554
-14.243718807998965
-15.12934813831503
0.8770402824961087
-12.70140120274064
-6.159928118303912
15.396356721462586
10.596331602953045
8.861504627765802
9.058991190882807
-5.432371303635478
-3.8719501682588984
9.848368495983166
-1.1143184275468745
-26.596289872728033
-28.25404312967282
34.22333380402288
7.93113374709922
18.543327913250938
16.427498318724236
-5.069434385328546
-11.954662103958398
-11.26861531134972
-0.26426846041924773
13.681506341775794
15.82132119769212
5.179745704763462
15.516937206004478
3.3443376235292988
0.5051703908269806
3.8609313399636185
7.576895234230477
-20.618902846495434
-3.0460268839497053
-9.538674464377111
-0.3088680352358798
16.822250866049497
7.138402421449442
16.502893257647628
12.175846024864489
15.18206151016956
11.191278436577555
-3.9354761065883417
-19.54848092426396
19.256876867270645
16.62872126551616
35.04989232610701
-9.414269116366007
-8.384133890959065
1.0388325308562922
-8.46611803212921
-10.708998704926126
14.198727928836476
-6.136197258503216
13.934601981318297
-7.5706786314468415
-9.210623100819511
-20.74398235450312
-9.233865669035417
16.742447365489586
9.746417183773218
11.693372066036032
0.8842598934110603
4.641216637763826
-5.137228960678203
8.796620690956123
-0.18944759985930193
4.7788635811680775
2.825092786404101
-10.773876173947144
-3.042064316925812
-19.310800817925116
-19.60436941675103
11.130100481288897
-7.430902898460239
-9.502533086826839
3.622091951378304
34.646358869445756
-1.504666904082595
-24.405323675621528
-7.558984420435422
0.7361860682832931
0.7363277918049747
1.5602300433301606
-5.414946606308486
-0.5106304865479316
0.36499293027858926
4.239793795399639
-17.390641949280514
8.79701341260651
-18.404385774411477
20.031704604343243
-4.520402975214516
1.9328293594429837
12.820615675211906
-10.822737592558894
-4.630507652235079
0.8436898853924243
-7.996995004370319
-11.948651832178014
0.5367472089854792
12.198641478399558
-6.23391860288869
-4.3860833256154095
-8.746620022907301
-5.661988124415875
-7.839028803527424
-4.367254531999127
5.237238360281474
-2.6168922294864103
10.729734154905936
-17.786393983389484
-9.204502735898288
-8.429967582987473
17.98969240467252
10.330109000390282
-2.9540788775260722
4.786486664319978
-10.876516771010655
4.623845624222916
20.714149355300748
-11.806243139211581
-1.1608363794030154
-9.622276025963025
-23.831953726637934
-8.203275368392703
-18.6850396608414
-11.488645962610653
3.015587527505881
20.732131943197984
6.878946445839117
-16.007201276478185
7.846673857577946
14.605694123308893
-16.5683105800716
-20.87624328171704
8.616052734271099
-3.1683109293490666
-28.696794271066892
-3.928296356276533
11.151963674836715
2.744695030742001
-0.6176057699880056
-13.58023350004583
0.5155909406183952
-14.771134482159978
6.122214063167344
0.28218097582764773
-23.412228869047908
13.502190719897383
-1.0031955498670584
-12.65286522165979
0.4912184130832576
6.049529991943579
0.05994052083267809
2.132546266399816
-4.929589348575871
24.516621225172457
-14.189861035257927
-19.279518445030718
5.0332493576409645
8.41245597689224
-5.282012915184197
8.691111101048355
-2.2057210791287716
13.868433368209324
-0.22402055720674227
1.2631651920969962
-6.62740455417394
12.592905671187582
-6.191303433045313
-0.4806713412557097
-7.170159688181708
-11.988865761128707
-17.321818242209467
-9.60833444501665
-7.516989924206595
4.52424756019263
3.4922941954678848
26.34132121690045
-8.169395920558822
-11.192256795968484
-1.2474734199254744
14.91744807823735
3.382510790839632
7.301924246359853
4.592537822878891
4.553687771690235
-12.191856035205424
-11.757027650112496
6.933664923957309
7.822865210582877
3.278030893713165
-16.99486071830594
-24.752787394594737
2.771351146905156
-9.60879603838226
-4.647705999451174
10.037339303291617
32.59963316757293
-4.03324059206152
-17.079191579295383
6.619178914731748
