averaged_values
-5.375445412936851
5.94474009037053
-6.567862070677397
2.8198477107423514
-5.886350126039251
-4.623713669986159
14.520648078095826
-11.006709927001898
-20.992187506718007
-28.162787272800426
5.3708317705138136
-23.779409641074754
-5.230233346945634
28.608090969435654
-2.338226223930178
2.887257476187363
-14.981277271905208
-25.122127747742628
12.379303783540104
-12.970655938283839
-4.159650964635413
-17.451314925385745
-1.4047906809113755
-3.664542939571073
-18.930265848544067
-15.605640780248313
25.35870175666896
39.253217817537234
-1.2605273100096024
1.2328248791790628
50.00250020175694
-29.862017967898485
-13.57159350372694
11.655515076957775
0.24675606027362562
-9.698860730407645
-10.580326156108635
10.703042205354015
-11.388284783381314
-32.82884133263437
5.5766558680413425
-13.105573590331218
22.836418271904122
-7.955027411248366
3.5748685839173553
26.128565864518677
4.272701197523991
13.30293596176754
-26.757396773952326
-12.808822166968113
-6.965832443920182
-0.9207793993976736
-7.0506289133601046
-8.566453727614933
-12.667457674968645
0.4180967285544736
-16.186485374557236
6.961446357535313
9.819352904886614
-15.740235675889616
8.930726936282772
33.534318352321016
-10.022317752131599
-15.630416241732268
-5.865287213474214
18.296120586276437
-33.31784695979149
-22.616787757585048
13.20005393680288
37.506396415384884
-27.767433536222246
6.848164883010987
14.76669841991191
-6.9823436647045485
-6.71505098490447
-2.5594941845905246
11.359394224204129
29.695729238677483
7.904550688400316
-8.45315916048869
7.803766472291595
-23.589876589493816
-29.5955145156906
-11.578021001246706
-10.24383733390327
-9.675111024323718
3.3895375533591525
-17.36760672239502
7.977210740920365
-10.763027509457373
-6.941705079144573
30.210842195847903
-0.657448480376241
13.213240433061097
15.960755665437825
-32.8883842189502
14.640855421913608
17.059666223642154
2.571258446319476
19.13610267923249
-30.105820243725333
19.175992690509528
2.2816450280199048
7.244462668835851
15.427748247090278
-3.051015837689538
-33.344518144942434
22.260620930960062
-5.775463346192349
-3.6953071887203257
-44.23326430476689
20.300309342814412
-25.867282358981498
-3.156964033162557
-4.490596610994132
12.151402303417163
-21.528308748797382
22.65557846258397
-6.820002650619979
-8.256678268475975
2.3996824306643227
5.0547105576861355
-13.134653201512421
6.542864811229738
-12.236390232493624
-23.384884273634302
9.39962119149017
-12.269490368706505
-10.0270211230661
9.741370885199379
5.387556621576763
36.47272154302332
-8.530170788994965
7.473538643847273
-0.1640040494406585
-20.03326950592702
1.5645618148441685
3.9920394916439457
-9.48623636413106
-7.066009104565751
8.141765081686453
-20.317517448754035
2.4169188566257183
-2.6839232129080273
-23.517146749157785
-28.00209756171894
-22.101490345884898
19.491517316936378
-0.9678531761448568
-25.90774641090528
1.3545412272908095
10.457048523289245
18.48105315311507
23.041055706844073
-18.704235566136585
-14.46207702463453
1.8773720086413352
3.8915437026156687
11.89770566872088
19.997955299896557
0.9122878299366352
-11.353453619589041
15.629486923643967
-12.730713273913063
-0.814963728080926
4.713523015815302
-6.695154352598853
-13.755823587391424
-14.798876273538943
-4.631102054464766
10.963964529138082
14.103836204681139
-13.607301141779809
2.2916783471393476
11.667014591345955
-0.6280473498723894
12.06271385875659
7.197494879317304
5.809914911485255
2.8223725930738133
9.918570569343947
-7.819325212779887
25.14803645303594
27.554871755734126
14.24435334485049
0.5288404567987753
-11.442749644317544
9.351855824877362
-2.8270004723000333
9.406780530508422
20.715404597027746
-13.292155908080394
-19.509083431057018
16.94547708072551
-24.513779037442344
0.9160730954846201
16.37165205784096
13.74829293115316
-7.4013083397573824
-12.43056874937541
8.717247574558266
-1.8600561372514717
-2.2379352806787405
4.069517159193983
5.533279234309475
1.8598080257407854
16.865914042316998
-0.6705601900912228
-14.875958468271074
-8.606803227176911
3.049007345305943
-6.7825867789929974
20.38840781400835
-7.426134278552577
-8.807807197604381
-3.8978550388476045
-7.636232383049389
-2.098109581251601
-14.742828555742198
6.337366485562953
-1.1542456356077697
8.549778787283115
-45.12388147835816
4.1361618245226355
7.000235657689643
10.196194721869327
-15.636196233167254
13.48667129218056
-10.532480582595829
-17.925309708578144
-10.809440137421959
5.652427769159947
-22.704669225760423
-5.756297660396673
21.06685305710683
5.309011429282791
29.983121774986653
-25.02537305408188
-26.65700386483871
-5.825439579106117
-8.152636646040605
-8.766489939299708
0.2922037795415993
12.883364139264785
7.088587293234251
-0.6510109322534751
15.670616431595818
2.7062723831305866
-27.406560916563425
5.463745922538998
-9.686610277141051
5.071944381866724
26.7914604427742
-17.409780856471972
-10.985720623226689
12.33329084066238
9.520185395479553
-9.981141940674737
-5.672533477612935
-2.2711172304276204
4.697168279580036
-6.678586787719094
13.936627171367848
-0.21446870703867182
10.481287179876006
26.966374643215186
-5.389287284247483
-11.178638573446278
-4.420684396295495
6.885271062771594
24.099511850302566
-18.080585711156033
-27.259790442974438
-17.01804441394575
1.2655693164334945
-4.459724215095018
26.334766201200253
-13.426311091083681
0.5106743288568133
-16.098146145861907
-18.3032693399754
1.9060997405591416
-36.063208851608
-13.852109266816948
14.709773063841387
20.001401053739304
13.503577741981198
5.2060690759102455
-33.26656324017652
7.972981871248327
-0.019209382638408174
2.092798908159807
20.311598630904566
-12.187355769461291
7.835289782955333
13.846981166604905
-22.713083591113403
21.294821429763598
6.555632260080633
1.2823956816571451
-7.979333860467871
-39.06048037414471
14.288111901125617
10.659747206823829
-22.811276622710405
0.287477107556214
10.540980657575792
-0.5635011218645848
-8.59282394698115
-0.9525231117551415
16.540187931165637
16.929726799940266
-30.455253025570034
-20.165730189549866
12.232555004681828
-1.8536275151763182
-19.600367746119925
8.068852459678704
29.92792793014441
-4.395507575077104
7.148114807189079
8.646251986209984
47.867033223664635
-0.8311122872877048
-15.746398207043754
4.051231066853845
-12.252167956024005
12.227310512010623
-8.259507232195352
3.634455496777823
-28.864000700408372
5.754756169939114
3.2052799670834227
-15.817217716733714
-9.77149826617283
-0.8510730657341505
11.852368373755164
-5.765156873202282
36.56680417909509
6.267635374510746
6.444789168295131
28.009812708040595
1.7869982063543735
7.182817942726076
-24.099964727090683
9.669130418085041
8.286744792953215
9.49294614369009
-23.163556526367085
5.644185978241343
14.072294520236653
18.283091647132085
-17.251624215769535
-12.38747134671828
-7.808724116480714
1.5194281014352953
-10.312869190354533
-24.040451108922998
30.491505283815357
-10.872171886466546
-9.503329164500267
-11.087344272896383
16.658835554456427
-18.415472478209832
9.346371847669863
33.31675734327683
-11.467090661355613
13.512375466017218
-5.573419082242755
1.315459441948098
-3.9061523487280616
-13.879104991621796
-29.095186556448066
-6.169591367250774
16.676268897976346
13.422759114934758
38.575110370953546
-9.109272207538202
-5.066500978173588
17.095321756033233
2.6263015872008992
1.4393166979748078
4.553107221993646
-1.0511893330743571
-14.785678261623246
-3.8485760968299068
5.6763290144492276
-4.93769004598811
-17.877321892993695
1.183534153763077
6.335705783254966
-18.10130545905715
-12.040653956896762
-3.7361829265164204
-29.155960726880707
-8.681888402817483
3.0182668812218765
2.1930639323978816
2.1125620917889782
-3.067235406758518
13.650041707365952
-11.795221760087259
-8.37510508255088
6.213542724615181
0.9579425409232981
-12.710523592282618
8.370167390795379
5.430758570058487
8.830383263713776
-11.38562657702217
-0.5730355722616072
-10.624010253374673
-10.185155501532677
12.612216493842828
-5.318818625217593
28.982127734275988
-9.880631208949245
-7.603926880269706
29.044442565008794
13.09438794586913
30.77331668039444
1.296153999949316
10.566147747403724
20.345683549791843
-5.679411642643903
-16.551687817238832
-8.874235291364974
-19.7455006657568
-24.171897138991998
22.198838335785293
-3.708543681198544
-8.554578980368532
12.923890564425612
17.183358694840518
-13.795630721165486
6.827273198233324
-21.182165138179183
11.450061440206516
-8.323807479404996
28.983762095637825
-16.630655160500822
-7.344398517987851
-11.028343181538498
15.45028782247376
-20.785942453681784
-22.570123486537145
26.616147015100008
8.999510177402627
6.863131345107965
23.893474344756058
-0.37436251526773384
10.154162227133037
-5.001505407580434
14.3743276553539
-3.3081774815968146
-7.719776127821892
8.16371474316845
-23.029818090817646
-4.967867922559431
4.038113883111346
5.166383335280311
1.5903054262992053
22.68721397752474
16.146659884837458
5.4221724738882715
-31.386860476111977
15.110556183894085
5.265914063190412
11.37163565747413
17.63942368797797
16.97379639106349
-11.0490430786258
2.2898717266478315
-7.042849018715363
7.172845793737873
11.461265892107605
-13.938211859873903
14.75885772066296
14.18828488473192
12.11216270004058
2.960293531774051
-29.726897911659208
10.920828278538437
-21.87165246840858
-12.822898476265612
-7.8042479905592375
-11.815108555338957
-5.757523321084288
5.587288209324943
-22.413848579713626
-0.8583101841965401
-13.649627522269634
12.038978430526692
10.423449675268822
0.34991578462142087
-27.87530336318282
-3.5644428311136047
-10.872774036267614
-6.250098767205377
4.733292876878877
-22.419902530857502
-5.756616009668638
-5.830709131890704
-9.566247756954482
-8.697272174208635
12.8222122245159
10.608594654135734
-18.66108044539654
10.135413251901724
6.117562911458488
-5.740612891191749
28.94052193227932
10.318242442296173
2.7521880288523684
7.542675256210511
2.91250837452273
-7.610761045067956
-10.59271031519026
-3.3777102007276105
15.19140047864533
-10.92335765938654
3.7292369781188626
19.126112547055147
-3.9231863616986544
-3.719755070816466
-6.737326641499995
21.666093209406952
1.904305157209625
13.627243426793251
0.3508488928730222
-5.98252772351519
-19.079895239637143
9.662487111305012
6.350689301741814
-3.8850414351797773
-4.7674730725118195
13.37071958311349
1.7740933896433921
-1.3803825580936149
-9.347053053434124
3.9734798653511
16.99251418763874
19.730815201132874
1.4936840877565059
-3.738862185721729
-4.409658688371693
-2.498646665012913
-1.398726333477465
-21.013594511358676
-30.733232017197437
22.88492343042758
-17.039565237436026
11.676898442397729
4.380255053845009
7.0686056019944665
-25.800745930361106
14.744149420208778
-18.168618483194916
4.069963496406932
-8.067624771990884
-10.599393256983541
12.738594245788988
20.52547408558701
27.274496124964074
-5.479163967878056
-12.138336574894419
-4.5837566359119535
-10.882270016355116
19.596631626412144
16.30021894784753
31.976681594665376
-0.46168230620973816
10.798422802913072
-26.72965158778373
-18.98465593600373
21.52737510062887
-20.761762834582214
27.24451093822165
-5.6384674076862735
10.772451703580906
9.785700320548065
-0.3277902057082021
-25.98221927379163
2.30040742437644
5.635953696466004
19.40316104745286
0.6044430317063766
-0.15918148171124802
-10.273324571460572
-1.0971558694652732
22.038058839818152
0.23807478016182415
4.167837088873966
3.41490176669294
-18.595990685276703
-22.162538211885035
-2.9472530400152173
-20.739131044446914
-12.216669838056953
9.439954311254889
-20.95276609342197
10.982299283382494
10.439657388673302
19.59461139433311
-31.35935604740077
0.31051097053623294
-19.066750680553113
1.8936440014376785
-42.579930363373734
12.878988188695322
-10.922781594560377
29.274385282282612
-13.146667729922015
0.05005436385724221
7.239404686244441
16.948100818234934
11.791255878460879
12.953977590732046
14.792492722193733
3.075992020716825
6.161123733205741
-19.81175341500413
-34.334898765504796
5.575939770985518
-1.0568651333656713
9.562624244163965
16.819673324971973
0.6783693525363029
-3.4257123852165186
21.057145142716887
-3.979026673970523
-31.63673987768826
-21.015649949332154
-37.553448998128864
-8.561008801608963
2.194805887511014
-2.319956835240291
7.757144985814193
8.673021914315461
-1.2463788057283691
-19.217885067226305
14.546813027634714
-13.923035158543035
-11.857397838784564
-4.455999212773231
-10.5910879616029
-10.026775492278569
8.694334050575364
9.085935233242822
5.579196853558344
-2.76868778433222
-15.636635669794146
0.2537932698025666
13.188927577611134
-11.720412257866522
-2.525708796561655
-14.235333956752749
4.031143932246309
2.0489165841616925
-3.1484450707767877
-7.150152020251521
-12.141180136744447
-18.063930755397333
-12.105938789876115
-17.213822390287294
-3.1251597316511095
-13.456658310582611
-18.04189676830026
-4.710034797586474
19.66420655240809
0.7501141603150973
19.20248306365718
-6.211476413636372
23.36183126449097
7.709487919072231
21.090620434216287
-3.8286961718844794
-14.495199452842604
22.025201796072164
-12.123527027590294
-5.024453569815705
-9.106277791109827
-15.582582482931025
-5.201888349037077
-5.003390348177329
2.06658776837754
22.622871147382998
9.02127159749295
-8.663692885340199
18.38829352530055
17.591419410968758
-9.302948129869938
-17.968631396312308
2.0746115099368816
24.19160297075484
10.29669623935647
-0.7765411996377858
-8.78536653980924
-12.034656237243865
6.836320287918544
16.491433674879357
12.780859768292686
30.608493403186912
-9.215747305126868
-6.613303918089589
-16.520290281907933
-0.6937348974430697
10.377505287186679
-11.918266902025252
-7.915857752745022
-16.73144498723384
22.63428818988126
-1.5935524062110744
-19.061155014505378
15.117604495703285
10.161828634733519
-16.463770384485333
12.737663769205986
-13.796456553262331
7.067236334542007
-15.052873282943281
19.32910011756509
8.197230580239202
11.363461526933
-9.69858203254852
5.947002000410673
21.778976542150374
2.4590327232613682
8.801131176447598
14.054495389573574
16.480444884841216
8.221078662152072
-7.470173753997557
-16.8799029115568
-15.81954411538401
-18.42395107099931
7.958619724855377
35.81820392181125
-20.643911626132038
-24.562285331689854
-5.522786111410866
-8.806813095220349
7.266766230151982
-20.053139957249197
16.63529303401906
5.211477519499629
1.962526433006758
-30.51392582104779
4.321911538596012
-9.223529409925865
-8.358903776396053
21.058047653162845
3.142732122402151
4.243045558121456
-6.513715858961441
5.992359988317038
-7.2548623409502495
20.335336942398413
14.296794555225082
-20.872486268617
22.116844499184534
13.30686136793095
10.684745730887423
-6.395901258409357
30.19967228974654
-2.210143253247044
-0.08743710265299365
-25.954921387777443
3.1439274779735626
-6.637612018081232
7.8830812017575065
4.106112469494231
21.565116682628997
-4.6180743130580835
-9.029350997563142
13.916221732546555
7.763121080728922
19.90383253098248
-2.5710403033261335
10.504166345594484
29.41791894599933
7.21735781078839
30.504174338547283
2.6678998440752983
-13.287575895609075
6.658945460226842
-8.633689331854589
8.651938591144145
-3.282080346011137
-3.420445396379075
-19.513489418299386
0.7139591349504286
-21.11735792714266
10.623889591107433
-33.07049033658216
-1.5876945925510644
-20.610943154486645
-2.890518122592392
-24.94379267679145
23.28218278008805
-1.8361628822005873
6.703446107313084
-28.152528635140253
0.6788065304339784
12.419129984085421
-2.7636929467085545
-16.078226839152645
6.62042537339876
-42.06873291172552
6.4121615333488835
16.16037144375329
-22.655405591080534
21.34901514162273
10.6844614179508
-4.5594771328154495
-24.93548108582336
6.489202043704931
33.33357866533648
-32.35675447927115
-2.543292451897974
-12.141916317059199
-10.26042997499123
5.319949012796376
13.039175530631644
-7.717868911684794
-8.338063109971918
-25.69122438904067
-14.111180434653368
-26.367075967499915
-24.426585757385507
40.70241859512481
-4.793069207724666
8.505552619747334
0.6625343955043755
-9.658217764541316
17.840736075162155
31.04944260341485
10.369031805766562
-3.3413726388596388
1.6351270830515336
-14.463517546179645
-26.043869109770526
30.428198800702777
-7.762141244742637
7.57781182477729
-10.22618111336871
-8.959289390929749
3.508937167823684
23.530714909124068
-11.608957926935256
-4.359723749424295
-20.35500258077008
-10.29078108413898
4.19230755848793
-12.327868112570528
-16.51791787294329
-25.732640961774237
0.470697809943597
-14.029422867207288
-17.524790462268793
3.6226587020071292
5.544378308742755
4.317879110617743
-0.5425718091298917
-11.638824422863792
-11.214554174234166
11.92553591957325
-8.636059759818878
-52.936404263731355
10.479146839085297
5.14800587257993
4.773339501094014
-17.364518442323654
8.09156829492529
2.4753606558987022
-2.1084483780121936
-5.582995449359269
14.349554691712859
-0.9697785387471546
-1.1230207891359354
5.144175633192641
3.161887678492429
-0.11154057544398673
11.268936203418386
8.942832661896398
-1.6683720407680716
-19.703674817164018
-5.8224417078131365
10.87082608292443
2.979029889117806
-9.397011953091985
31.486052825560506
-2.053702821914039
0.6157012796542792
14.558662332467387
-13.079970666475822
10.418457680150363
14.962675020667154
8.003767844792753
-16.820048773344734
5.0092834512955635
-2.1634160259533908
5.452960350181371
11.465765719929715
11.962771545653036
-14.484823319974117
12.26754273949444
0.37641072716113905
4.7726750613538
-10.11907766748135
-19.4647182107455
12.641418998321882
11.108607681834764
-2.8773536655365084
6.490645611539833
-8.45037267948976
-19.874850477771645
-22.040963686020387
16.71551539401637
-8.915579761302064
-8.57759622191927
-23.6245406145316
-4.026560140147926
16.59615585059117
-3.3353177360790673
9.645747279183709
-3.6066105471660754
0.2942179592223651
-5.570367268146683
-1.8784881727855474
26.66015594764689
9.950276547885741
14.595531469625948
-2.6542724913636753
-3.4296733270029023
-0.9403108408093321
-0.017849546015047697
9.105664277476682
18.314430471480545
12.281870526002052
14.924541944191697
27.60266883064452
3.704802172133281
-7.435120035771462
22.920800703003213
-28.32632410921154
10.903501864067657
27.52948689353869
-10.65773656097688
-2.4255216470516294
0.21038157084026923
8.75207958468125
-7.418502191321579
-14.097683944758566
-27.022563590794757
-4.492639965682581
-14.496493765901908
-22.987824156469603
13.659981741211283
-7.23142290526864
-14.968105999840802
-5.963755298168086
-7.302131572023669
3.777609004114884
-4.516981624722183
-22.321061554967926
-25.613249151474065
-4.090810015840224
-31.790193724989393
-4.853031075647199
-14.723700797354931
-16.844617263390763
-1.2288945120050603
-5.827169491101614
3.968187536381516
-14.52162112627478
-4.67253287929196
-8.43564588485782
-6.168680120288424
-6.450839467824589
-4.7266285357582944
16.80908328597288
-6.834375918952721
9.995156541216247
-6.036711546819329
0.24185541146845915
-13.005545091549024
-16.727813184863535
30.10436470948663
-3.7162912796170056
4.03394843154275
-0.02489395650123072
-22.11199477979584
1.7555715241405447
-10.532776964669859
12.774415009162709
-9.375467566815331
4.8654239957418115
-12.834881541801968
-5.774684992025292
-9.344367450523935
-22.991547246238635
-36.002946925914436
7.372680933416528
-21.23880358305435
7.671258423403908
10.60977748677658
10.715932106214376
-5.140578008936534
-4.573057970625328
10.158955617534843
21.915660702457487
6.925857503001386
-22.412602323468786
7.957032364104052
-5.926073968611793
3.57738009103808
1.905014294883775
-11.48964579035478
-18.80169317143219
-2.169327548370125
3.827158250850976
12.395700508449963
16.757013600805806
-15.456141163725789
10.566700321703669
-25.437785155055664
4.423925227349604
20.806114786080546
-20.670203157852786
-22.16092691673406
14.238315634043497
10.798685643376666
-4.788334419623234
-9.076134738380196
19.416399091637384
-1.7445879161514029
-27.668426527308736
-26.285988745409966
16.24323353862309
-15.43792430022332
-24.71170339712599
-3.8307878640621262
9.534727000520235
14.261542906071199
-18.617116691127805
12.068864571978139
-26.92596027443922
1.7596590406429542
-10.942142450759462
14.97380053304588
6.576112963391954
-20.14869770969437
-7.668295126135774
13.060571953656572
23.784078331685933
-14.042526023300567
5.501031266004456
-13.01705008624979
4.085709785205016
-14.229909400535533
-20.593020005589516
-14.812121721577961
21.80385389735861
-21.12286500606849
3.733980250453451
5.413542168391501
7.88152900747455
-1.379465941955947
9.313618609335265
-7.033711313587044
14.005245029097088
10.252761368312534
-18.562721482392323
-17.547472996907842
-11.679836570413817
0.9741224697727091
-3.5678630502988824
17.775758195275316
3.267591409241481
-0.3234783580291681
-7.905944479838226
-8.057793744176939
-11.468000923860126
2.519396885960163
22.43405910107428
-6.326250581316766
-1.82095783482301
5.712736741868127
1.8428891661476048
-20.423332566315676
-10.612757292197927
2.351156833783307
16.38317594611286
5.9710731047417385
10.171384987459177
8.93731158519652
-22.029866626602566
3.1077294867478287
19.21970202787274
2.0293395446161355
2.8766011692231785
-11.523325367757232
-9.075799122010404
2.0195064762217263
0.7215799836924788
-23.8796757757255
-18.180987521970934
10.1542891634622
-9.620354237313265
19.588651823376242
-33.24207755967762
-12.57645216749377
-14.548484692249767
3.6461689450011554
10.58900058257266
8.054430054793395
-18.52712112975271
10.62967015880995
-19.308712811430905
-0.793798737705084
24.95850426494899
-6.250543726133524
-6.326074628605913
-45.796983120043386
7.568274390503849
1.5468933267579719
-35.24013435376727
-8.265283372939697
-3.6822516615678658
-0.013170780626088193
-4.469776788838175
-15.206498147695322
4.857746201638217
6.975954427671752
22.56799421249832
-16.104091204425576
-6.043029537390647
20.187494333704063
-13.489618106226061
-1.2755320795984537
-2.5910289759803553
0.5308271199203413
24.729497416555574
14.845916216366893
-3.98625944589944
21.145119850976272
-24.441098889111828
16.984852081795072
21.243545102606742
21.893209929112984
9.63203754939442
-31.570792291302336
-10.396416873236996
10.26243887729557
-27.346085690377596
-9.788690624268861
11.630416096674452
17.68265555645077
31.422179915428302
6.757902078055039
-9.311503703486698
7.355053212550189
15.026439257779122
-6.564541309388479
32.33850801302395
-9.758027124244487
11.619521254092396
-21.200446050169706
14.5053931176585
19.99568254108976
14.75459626323682
3.791883518416194
0.8910102367563772
-1.928678029706835
2.566436784083981
-14.013093902490079
-3.017562564262415
2.0925299309406236
12.886728539458892
3.2802873345170034
-0.40024203656993534
-15.0481729478936
8.741968883781828
-8.709229828965155
29.743206071652605
-2.2682380379327234
-11.229474761605639
1.264640373330091
-31.89179588080576
29.8361928250724
-5.656523659603526
15.60457306099049
-9.422288459514766
6.85847651368366
5.431363343210866
2.966187607360363
20.49005976657902
9.717348542974383
-34.14060576980952
3.5435584320592475
-8.902420245785507
-9.156094786852938
13.838227762332556
-28.582848986158012
8.975893796534356
-26.913797840352178
-24.398899585993902
30.26281440013617
4.241515442872066
14.074742509855625
11.449472033395063
1.756080242069487
-1.7483350639005077
33.49429192756316
-21.56377376656522
-26.346775018382576
-3.7396085877571132
-12.597562383443668
-19.77919121460504
3.5698790540316594
7.95152911848174
-3.9607119319934156
-19.103329923314693
-7.478080503132806
4.7411346214054415
4.963148379201698
-1.3983512422194855
1.0456765844418692
0.9633625429618888
2.644049060375385
9.714651521333016
10.103674565051813
22.481631969914925
-16.69945696480309
3.744366815952503
10.642965438022088
-15.532193376559576
-52.928361086724806
19.781701202237247
15.386594789706018
-38.37103659322289
10.758881644664447
-20.140188721572514
4.997098532654064
-21.54252346457584
7.290751384061475
7.970441855140218
12.898260548772418
8.573754045638557
-6.009795978936509
-7.141312752920233
-3.715401599907987
-4.982542522447569
-18.724744067807112
7.330445172350498
-8.17575346261801
4.157649595178303
7.67942367296411
-6.432111220710827
-3.182419484612988
25.56293490556921
8.861781743913644
16.773467394806435
-6.704347387728395
-14.040637104761482
12.203637612662433
21.547922081847275
5.388453977684321
-16.444796422414793
26.42544414182449
2.6760466842066015
-5.459640976383507
14.194771762408811
17.30839423206109
-0.9629698974217763
-0.33509018528225454
-12.105058851536649
8.472905254941429
10.113544381535613
2.2597393237432946
-21.02256053306564
-10.61870475191418
-7.836468191182003
-0.8313898769254754
-47.109293149480074
33.55820875204433
-11.849471195739937
30.39568434209846
-9.368257601950395
-2.19994784103965
1.729850807876043
-10.052845870796418
-1.0326993707157326
5.693550551120263
-11.219378067873071
1.2156322298957984
-3.7584650776848982
-17.828922721123565
32.40978819506185
14.069914346231812
13.258609044985079
10.053998517431538
-2.731297523189511
5.211180123842875
-24.138813484167585
-1.897590720597795
12.999022710885612
-20.689768452526966
13.567596345477531
9.419042735289077
-21.35388658161399
-3.207654959552594
6.047129657178729
-16.662342895195582
-5.6300208988257765
15.300014542111313
-11.290147355760263
-5.605419755381884
-37.71991262263567
13.844476498643422
-24.459282707432166
-15.82599396896354
-13.478280301124897
-14.18294628317478
11.715441281113172
-13.808447270014284
8.940060977233623
24.111444487937195
7.419567280573574
-10.124480953934272
9.250747243340209
-4.524409522656943
-25.012804693491855
-14.100127521292507
21.993479170518025
22.38039969210276
-0.5291826747607047
-4.568223794961682
-5.3987542570163685
-3.0256290418626626
26.804178858977064
14.869045303135602
7.684296996873608
1.1037627623150854
19.559970332883996
0.333347686280836
-4.071336975986966
-3.047929633550723
9.229708173901505
11.712905084654144
3.987841822043729
-6.217175284437876
-13.84310755961645
-3.871448122242351
-5.580906615924211
3.960381078854008
-16.554213918775147
-10.80664071314519
-17.465969589448008
2.502682041631303
-14.596700894717387
5.677537562649998
5.970389607465559
-16.43251178597978
-3.8570066477374834
-1.0413279989761055
7.892971924005773
-9.171441306857886
-40.09938332656282
19.06853494820605
32.19770686359311
10.580015797739833
-7.7846436166718105
-2.158509686597564
3.925850052456269
-4.330297598775411
27.141352317861394
6.582808112985158
-31.438933862115693
5.838643045739805
-18.116264947744718
10.519320509423173
-3.159035431188149
-27.599364059087545
11.444987892585843
-8.051509784995526
29.169368959739582
5.665415281909195
16.79111942008591
2.0232107962330352
11.185401474976766
-10.189285685454726
-2.5567148353447258
-3.1709034511047824
14.32644814078769
-9.801470621213833
-24.691654343257273
33.75610217699384
-5.451672816548988
-3.667176495711994
-15.541899859094656
25.982696394435305
-13.72072617827996
-6.027037895741738
1.7783545356529373
0.9429437075529422
-10.401837397112487
4.305117149297985
3.5242349304607603
26.13628972888286
-18.355798745091388
-4.193772441943078
-3.7342801479785095
-15.709663070465178
-6.366834576157747
20.318362995593244
33.87658044076005
-13.565127171766855
29.97086480676597
1.752463927879906
-2.819199683334091
20.992923229582384
-7.088413128428044
-26.824110387170496
15.496136073912018
7.029313260175418
10.185428755687388
-11.178725900175357
16.54902585768617
-20.407091962546485
-26.542490305235408
-17.47308354936318
9.556884885047197
3.0584574121861485
-11.416300379319608
7.607331557180629
-0.17975849024719529
20.633033029102
5.659533764272207
6.763899534709291
-6.760436923281527
-2.630402386304866
-7.068121125644353
-12.2075590323033
0.5704113040248439
3.5037673452155644
3.8457757884688326
13.559061824527637
20.412788682424218
-10.500579723112608
18.735262074492823
21.410609786599334
7.502815278694546
11.263599494653699
-1.6015695284243587
8.384953130337266
2.809893982823264
9.5795716333744
-20.67366753839548
-18.33347399266198
-9.543447398165815
-33.17564714672402
-8.833570187962408
-3.979727610639884
1.139051738062084
2.0377706662197426
-14.132907620448876
-8.363058488895163
-8.278145162775465
-10.058437662999628
3.23160344824772
-13.751082193682231
-10.117071592776616
-10.040859074727422
7.735776867112928
4.309182823002307
10.177126393711015
0.8178609265607877
22.66861218466737
-12.246635138382777
7.268010451179644
19.82891740630146
8.014793353240043
-22.822977673925877
3.396857771843519
0.2991757059623173
1.2485958187763988
-4.891762674029607
-8.34469858751971
-3.6317177739376896
23.688553170761157
-13.996243124189965
3.038837236215452
-2.8708032788738644
15.169662228285281
17.00650198394288
-18.629915580282386
-8.056164096107603
-1.7551633120439714
11.250101705739857
7.79725712225067
26.371449536501643
11.83275268350956
-23.385544587572863
6.3319796895674045
11.866211051071126
9.05196774723368
11.946357238370089
3.913647178290423
0.1022754194992453
-8.036832656503526
0.36732053736762293
4.1641817509464305
1.887324677465638
5.504934739007429
-9.11444081661405
12.492987783925988
-8.121232290436714
0.791998402968488
8.674914292186662
-18.473643726676755
-2.894213753661527
8.430407190240127
20.62852829909217
23.066234207892567
-5.087122443596921
17.00434848996213
6.766710842484694
21.475687366056636
13.916981445176939
-6.903979225215958
-0.8093417331516738
-22.571755733742425
-1.167311676370228
5.946302673777282
10.056533853321435
-7.405363339270025
-3.4151536159724523
2.957331179769137
1.7181324427161304
-18.71345809326256
-26.06125018391946
30.770050265118527
-8.094360551371395
13.255614894249385
38.501520220984695
-8.516173462159239
-9.962087566687506
-13.313229330187506
-23.249948149679806
-16.258813923962588
-9.5386087643547
5.572239779548359
-10.111845036090747
6.054900969353109
-28.503936217173955
-8.172633534404602
40.896613240996636
17.591242260372933
-6.085177483635789
-20.975117592246175
-3.852680766526125
-12.105079708617273
-16.741794210973648
9.235098284404023
9.683525309735677
-7.502828223819942
-9.921192781425077
-3.3600530532468107
19.143272021893722
-1.7848146340507565
-4.380985846032179
5.339710217303515
16.78120221897981
-4.797272250076773
-19.37923654072362
26.073618806119985
-17.398002230592734
-14.730735418985532
4.499101517083133
-12.506934452101959
-2.146445841341048
-3.519700917637356
17.845447037537657
3.255430029340971
-10.898263643026269
4.628375694171102
23.923930289878484
4.299405551644905
-22.42133078077366
3.7801559710640853
12.940310691428989
-9.026550815704505
-18.219458112779126
0.52894383353987
9.25833445858641
22.010751968772208
-8.146351091775093
1.605971161182623
2.0290943819356877
-0.5845043515368077
-10.644392360545728
-28.42662894832692
24.979016215807903
12.424335711471102
-8.41786654656201
28.31885829267084
5.762126131902505
7.988754098885934
5.4154750869960155
6.078298260783849
-0.25350169179351667
10.068135194151154
-11.90631133320565
-4.114925576635319
14.760372403612555
-4.126963018960832
4.125706842233119
20.7482073516147
-5.063849952497757
-17.18127547624346
-11.333547099122038
19.543838027324384
31.07057712422966
-14.429226584399624
18.06756623714772
-9.198190529051104
1.6756637286706375
27.07919075172364
0.6244627598417295
1.7794220687249076
22.247089233466994
-23.432639362728608
-29.03613605457366
-5.154934355563863
-2.9900024517184485
-4.853096996688123
-19.16500926349289
1.0213888196203222
-31.23186975261196
9.499266355917541
7.572159460631525
-34.56843632268849
-61.19358317411368
12.941498011701299
-0.44655836339324156
-7.219895821668985
21.281096116328484
13.323810386775222
21.711006602561174
24.58720546354719
-18.69155132114881
-4.6481148307912905
1.7016497398810155
2.2132040362776544
2.430101649222564
9.20615187326979
-2.8176393903142034
-38.555067472819545
-11.9887331939947
0.9781627122745865
5.4661169314259626
-2.256276867523122
-9.641556813687027
-24.513828375488824
14.742301899674791
3.1689401902047414
20.062543706051063
-14.936124808808236
22.95193655459735
-6.852147598805193
-1.5261400742144577
-18.16167332602316
27.110657373732085
3.4989318879220637
31.56200715865076
-3.9683663510745837
-0.28132530796437527
22.16684088795788
-11.785358820667014
-27.090053763947328
-9.406882319017177
0.994963205257226
5.3750360943344715
4.097163561347865
-8.962282854129768
24.484380027766814
19.430347311502306
-7.24424457777512
-15.093708020952016
-7.516342451886065
24.274901026331076
-21.646155755527463
-27.518695492733343
7.336815477100231
9.104445986653142
8.384925919450035
-3.71505965556617
8.01578002395109
2.55266544084166
-12.550974084577243
-2.775929710932118
1.9569383121683523
3.3647152945659733
8.292969887072951
-20.877370186527447
8.663758130045684
3.1423936278940565
3.655176964075082
-0.5424842056675203
2.331287297216216
9.780130551647224
-16.8357161275421
-5.909701131520488
-4.229263052626844
2.439304743591284
8.294081063645043
9.543984722408274
9.621090264423197
0.3475403758670505
19.50012520092425
7.20734180120301
22.370183694588434
7.595279567437899
8.967003057973903
13.063180588451695
8.618534809889729
-14.666267863618643
-21.428278524276422
12.96987454357378
-16.75226043302464
13.069442941784956
14.62061577774657
39.226691167281054
-15.273723517000462
-5.253472024462563
16.717054378361468
-12.494599224479899
18.073657141720698
-1.4298374135218903
14.859348795484664
-19.031599560434202
2.815804383829468
17.993456117899154
-11.37262455691384
18.382499382515103
18.08843997269283
3.7935318544203516
22.93255051993498
18.73644489357282
-11.803004176180357
-34.99809824503397
-16.69755112468418
-6.7892977799588055
-12.351028353183366
-17.65217275395816
-24.21991997009709
0.6349220776403636
-3.6009060422854495
-7.808108028844747
-2.1863201637074403
2.400015668664049
17.18141867639785
-22.195847766396668
21.441170148063048
5.524972571853975
-28.699213654247828
-9.685418407958343
16.73029122904576
1.1753598330819461
-11.895944372903969
-1.6585786435982375
-19.979695823624084
-26.735867063687607
-17.83321822755995
-5.996701192375085
-24.280667730886645
2.2351195614066577
-0.7153375219200532
19.29368526849278
-9.689899420206734
2.8762328775103234
3.3339300843731365
-26.6107767850341
8.468370873455802
-4.401095225746
11.345609072273817
-4.08552042477164
27.67660309933474
-11.46637052195427
5.062971924310195
-10.492495566357968
20.20065662243418
-11.424710562153015
1.0819178580189588
0.5735176731712146
-30.95856712089315
-18.75200065043431
-14.63812039300367
3.518348666093644
-13.446047426521469
-5.212287365951743
16.36951926828469
8.353109814298477
9.138758621655066
12.993647957738503
-16.83316673706842
-4.889780584317886
10.539703296097983
6.234784657145383
-30.87296959375051
-26.14206887981399
44.54208470837375
4.5827224372533
16.717101621521522
18.61103082243549
-2.1963091298065933
-14.344619663459781
-15.636472261204858
-9.687760660985399
14.182863709648965
11.276236453534173
6.8343837056912475
9.880748639355025
-2.8783480466104456
4.618286696688368
9.66910581913603
11.545354501823804
-16.56896172079364
-2.4993651151552947
-10.257175822094377
0.5548360980534568
23.71126640500684
10.31332366942785
20.331323511544635
14.081831948594584
18.846057102399644
10.08540403563301
-7.462333739260232
-24.07527845277997
15.038421261886365
19.019197772949592
39.5504138295628
-5.479336337459922
-10.563677650170561
1.0247148445985677
-6.471099635313479
-12.567026754663479
5.769012145187257
-2.790466807342417
20.942475108299565
-5.1443860108962225
-18.35362115202462
-16.80997886417261
-11.148367842225824
19.806278128299837
0.3709581247930771
20.102468487418566
4.411442682756875
-1.187243174598445
0.9586008924678094
8.316374209162854
2.8772901965370465
5.200562956254207
7.677600583270532
-7.8075794698919765
6.3900636225692296
-25.932796476286835
-26.578175659158603
10.743344094272729
-10.809872724268326
-3.6683304725687784
-1.618394499324836
39.372202033834604
7.6898339350357885
-24.912891453579416
-5.9622649082816155
1.4259137121238297
0.4597318427794003
4.584923871976973
-8.276045727712415
0.6324186152957953
1.6916595861834907
4.065067008237544
-21.20638379426426
2.897864613010763
-20.987002019447413
21.098178554107886
-11.581193350563149
1.7415832258158968
14.366605666032706
-12.131631031798472
-2.7769182221526356
2.1941377286514694
-10.60706479767353
-13.965361012489069
8.607989792817571
8.653536178973942
-9.314806659629397
-2.4313489100145396
-12.758926526433214
-4.549498793060512
-10.38424397017927
2.9052198015370863
2.575249541001265
1.6861925227457324
13.087109674146356
-17.71719110801313
-11.369776073000429
-10.3795567372635
24.965658097379762
4.428560740265833
-3.209516433032638
1.2516670833574512
-14.434658701567239
14.350216444880383
22.460914606784417
-6.862310268835728
1.1880332999883665
-13.590093750034788
-26.585417017705222
-13.431379335353085
-19.25331075574176
-8.59125408841111
0.027246263001401722
28.170301262399036
8.677625175412564
-17.23384734862753
18.186657148447768
13.618643618176796
-14.664312796794926
-18.100843880153334
9.719557413434421
-5.012585521801323
-33.68066214809607
-6.489613533071378
17.2905704746081
0.1977557490981446
-0.18790116099260956
-17.4812218903394
4.232848926988339
-15.79231330974171
8.021004996150046
-2.4906555860505883
-25.978739509237755
11.163408797677553
-0.15464193910888943
-16.776066131792188
-4.887284230769552
15.65851230440874
-1.0795765648754856
3.1070971249502057
-2.361125748902746
23.706082347703198
-9.511570641459949
-18.396261413985243
4.312532125814694
15.985606820039843
-9.819615744965825
9.559839662537533
-4.22918590947575
13.670619482389313
-1.570055189772565
3.5322957706891223
-9.950584268268324
13.511347220229373
-3.267100049337074
-0.9631270386655711
-12.328513266560561
-10.13287339942191
-23.51323114073055
-8.461355446789463
-5.055333349807175
4.571565216473232
3.8631806425893984
31.22610577722142
-14.815323095054652
-9.718077866706631
-3.208203448327827
16.592416057693598
3.303693995716325
5.986073618567564
1.235583242520799
6.4937954728565
-9.917615857659897
-15.448977943537841
8.261317856612521
7.458565545216601
3.2283826600459
-19.43769393415033
-30.590751931074717
0.6983955554791427
-13.705706571193716
-4.96132850509323
12.241628519011476
42.905880246657155
-6.563373801852127
-18.18730985175355
4.37960890625575
