averaged_values
-20.434685025400082
7.311688623882333
0.3837192233366977
3.1925053277774964
-12.872356482979168
-5.512014401465876
-17.147248069312354
-18.106686754895236
-14.405630078424963
-0.5132415891309279
-1.9936896512006683
14.835874768788697
-1.3078358049383496
4.8730410975286995
-3.4933063314627475
5.850624035608007
-3.4950475640803806
5.116133882859458
-2.9156870955469576
-37.36665978202916
9.790861229746326
1.1287120166610407
10.542596737690417
-5.414299317914924
7.563635720495995
9.456114132875994
27.667411374226877
-3.9463757895988465
2.8167928791843906
-7.7105401650936765
8.374052138217309
1.4894110621060574
3.3684591774660366
0.9201807225842913
-0.03973349022504635
1.7259091052843019
-0.8018706981578136
5.9291836376210085
17.774960824991755
-15.728985311119004
19.876458388631253
4.301250516680909
-7.327435170015235
-3.70746242016935
1.086368138530247
-9.00491662800846
-2.4434167502531636
10.827208744814754
-3.582659472676937
3.4451576955397063
1.8869386882006443
-17.30561096399913
24.689487168196365
-5.003619017986068
6.708499334578278
31.130599523478594
16.30549801469937
20.035615572683525
4.020024313050897
15.474877861846265
30.671706110912965
-4.739282624452926
-10.863448232937003
-10.896282416051918
-9.573602379871488
5.91668575214797
-25.6614441992877
-24.144439164676104
-19.91791323819149
-28.950900401107504
2.4117928441354475
11.923490951991822
4.983346414661355
-4.043640899862567
-23.931012326980063
-1.5270883433111067
-9.905564912662669
-8.023315512046793
-5.891508519731872
24.111038300524683
-16.074694220079436
-5.829585171381439
0.47430838243735707
9.64949773594816
9.436721233168328
10.206256087935913
22.399749751259208
33.17791893621887
-12.97585554231864
-11.550920570400706
-12.934219105089142
24.34812123000782
-25.590555528983828
4.185823061826682
3.5305061288889874
-21.06822241321339
16.807734519627502
9.852953803458433
0.9474898669695904
15.840025042463822
-7.102769152712427
-16.164857131599376
15.54681783179072
-5.298862506127449
12.303939114603565
-5.000417648535006
-1.3861319087566812
25.37764012591336
-20.5439196984575
7.191329598295056
-40.299406757236
0.3667529152348834
-15.70273564373565
9.893993505824085
4.306066941072515
-13.218147752585992
-12.24029171783701
-7.7014079899162775
-12.263115502268079
-6.066727308552458
-14.484058619302118
2.7547592905201554
-11.573733251735689
5.442218868479813
10.232167125076444
12.230707230980215
-9.28340422029652
-5.050745231560427
25.23349624219128
25.339774485786137
10.782230087961807
17.231254855509377
-14.569952199102204
-20.791857611864373
15.976206352178991
6.034706458755067
-28.655771570821116
-20.258226321792222
-20.886133517054873
-12.382651797187748
15.969891982424258
-25.9064503608098
3.4305604157125917
1.0353610058043614
-15.826869146210925
5.050724605202958
24.81382524840285
12.662680515736838
-12.772202079683836
14.924623169080348
-16.456228011468966
8.101449567158227
1.9124510898943181
9.404253502300719
-28.531100248074722
-21.589413690108813
-20.509221537234282
-12.418039745471958
-14.05853837480089
29.494480969719373
-4.888566324013596
-24.97318278171241
2.9034189832360084
-5.045088800725125
-13.161658802494685
18.344926483694167
3.35926920370099
25.106654319080295
7.0395998751489515
-2.398721024903807
9.34831922804716
21.952313545623156
-7.122788420263591
3.6886446547175633
35.75762923208143
6.8800457865423255
-0.43760246244630685
2.2182395759032825
36.98105788354704
-1.7618997975766888
18.19909639383746
7.207587460099603
5.078229852280003
18.571192561376478
5.2166763930519835
8.22403453109712
5.064359320117717
1.1528493329878409
-6.35309694050224
-18.222473805260506
32.534171772796896
-34.33115670101273
5.128999565015363
14.66526321252016
9.989924346902283
-9.113325118278453
5.4572311169765735
10.569450430153836
3.1233723820671453
-6.4849829396731025
-6.0575792109845565
-7.489941602861222
14.809103751649673
7.943698311671654
2.1163681542991526
-2.605350185206874
37.835126711731306
-8.210879276912124
-6.3729112632810825
-6.7220228797893355
4.037050988497356
-3.2397474995212288
-22.48492745822
-11.840538661996618
-1.5785979950394453
8.302627836982651
-8.982064265377915
-3.097286884194205
4.758264025090114
-9.267020936828828
1.4457398197940279
5.286834881295022
-8.75840860998045
27.506845649708968
-28.631447652474375
0.7726891322416805
-8.829690678772806
18.097990747678864
9.983971413468112
-6.440355926129939
15.353197462451876
20.371523683740687
-18.876566780460337
5.336320891771948
19.765782059375454
12.23441285392471
10.66772084424079
11.279863971501012
-2.9084731514211057
-5.234550369086833
-9.84904294846848
2.54060485349018
-24.49836955854596
9.749567125805982
-2.829331071558414
-12.53984299384274
21.687153267972093
26.669062997754082
-20.363349392183693
11.30294906405237
6.698216111950273
-14.887381764615498
5.73531761691163
13.34625194243415
13.093078825016903
-0.7703200038714046
21.565155823674104
35.64549996297353
-8.89361974828455
16.36605484006293
17.453069746543946
-13.175337514985756
-13.17364457308804
17.649388592349737
11.342146895419319
2.7421134520526778
21.033401730679202
11.185686588848002
6.026867326514548
18.686506953131868
-27.32247500191295
6.3939956681770695
14.935035498262664
-11.17442211753621
14.56532875285609
-27.684200799798134
-0.7016866957698649
-4.158264043053862
-11.149058940791006
12.764181261328075
-13.921865919810557
6.622706797540843
12.07565010287891
-0.4108326943145354
1.0783779779726501
16.539226580518378
21.841128152868293
28.23976281919255
7.889051529548681
4.463228205311395
-24.47658574029242
24.36510515621484
18.710977653930712
0.6287683961282937
-7.841105836268354
4.865887523766673
-6.227464679037553
4.771626496399506
25.09022050749894
-11.323627930749296
-15.82006366653576
-3.2217178980172325
-24.898822650136996
14.119268916357925
26.073148464273004
-10.002576950473042
6.4820153763790245
4.01731415349326
-7.490577463941008
10.968824034082218
-5.2457632892144375
12.394035884077283
10.61663907145379
16.228951435940814
-19.1622866132775
1.188624052000307
4.911904763092309
-2.8223317526475853
-6.968382578911815
30.47592292651015
19.1687893023786
27.16881235478462
12.06849671472196
12.365837977459421
-3.0031635159056695
-0.8079498900741555
-12.148014439490282
-16.04577133535679
-7.831868751354364
-10.059881716454868
-39.009310714267144
-9.600519729917949
-24.925826611176777
2.1890492963264023
-21.037433373797796
19.56431333940708
-33.022199293823064
-0.18614373675740126
5.313880594893391
-6.667534656513625
-15.548341866533292
-0.4562669264372232
-9.553727709634073
20.327552622971155
-1.2160788498018746
-12.391774954523157
7.686381334895486
-15.245092330999398
-8.670211246454528
-14.713470776122847
8.327107870439477
32.05292550672263
-8.282660324174742
5.580982852288173
-12.951571338567533
-11.695199744200181
-10.440046070386757
-25.534190573932904
8.314369559369936
-11.853006843821786
-2.457766292099109
-14.028008630030456
-5.386110757688982
-12.757991943445745
9.36949524070431
-13.002654133878025
-6.024328369787781
-14.037234069392582
3.5544894070087025
-8.997806941829142
5.69939192127262
-11.817309921543142
21.00606911964138
12.538214591538292
-4.195084554388245
-17.537381989587857
33.70623849863054
29.828123489130576
-9.301328638014184
-4.536866851159118
-29.951012680800147
3.064368359232446
-8.804668482432817
0.13640692861588377
-16.652060008372132
-6.794759469416135
10.491380156879131
-16.259699808525852
8.082100882444138
-2.459681906262063
-2.789973395928371
-14.718223431807814
-3.3450132578522584
-19.93803010268914
-2.156171511037371
7.9644365982765635
-14.14666202123783
2.6627861234796337
-10.767205546188734
-10.256510869537806
13.255287693523428
-5.012789647389185
6.899048225200318
4.781921483556573
-19.674943725180924
-7.750432035053393
-19.71014854721119
12.369908572086672
6.774863982518923
-19.784634731153687
19.43556049652273
-11.282608092090243
9.097345410599106
-15.013245491049872
-10.641865039088259
-1.1069871748713354
-10.444080618273233
-15.080951038548221
31.949786940021852
11.840304524235592
-21.07712675597952
32.6327387254255
-8.359738182548199
-10.674137052026254
-16.111260934720463
-15.850226886242751
11.595046267061548
-27.794071564135834
-26.004417273513525
5.495672877997833
1.9357827941421988
-31.541640558837628
17.941706366175737
34.942640391610865
-8.594548909141736
5.745722264679444
-30.203184785350174
1.4144235518162138
12.186211203996208
-22.805593462817
-9.663892047695356
-4.245406768604141
-8.724390191490045
-5.980464190443741
-25.400059692795878
9.155309105191236
10.390636022551462
0.27545513901623053
-6.272118285788338
-29.69322752838019
-8.694860304184658
49.99309593790335
10.40305009302159
-21.337737536555665
-17.152169020923395
3.5476667495797187
-12.492853495612565
1.9836724385073126
7.935404575124721
8.649860681463679
15.129768264720553
10.183421994649962
13.908345117564721
-3.9504112544444188
-8.421778545121185
2.4148071141294736
13.31035658065116
2.5382061447219257
32.97892336922837
-6.420614743360261
27.19738892720764
7.163474552308799
-5.1858700840981555
-17.22750168582445
-2.679594241714028
-1.058291491458192
15.845161957897403
-5.205483859789808
-12.199039518170537
-2.621256287416515
20.13035646402983
-15.485561268044137
-13.690382432121623
-16.78188318280081
7.739004179597885
-23.80564315386647
5.347770696900909
7.392369900328504
-21.023413053523768
0.752324429216742
-0.25022171907005486
-11.097606854573883
11.912582530048981
-2.5040625009799555
-16.143755576078263
-15.60192231108283
28.912819536803084
8.130260298170356
-2.5757905904721388
31.582291064802604
6.6942073174489565
1.3859318906365843
-10.694909853364434
10.518842514401001
9.643232582218618
12.35536103783869
11.091471727161263
5.222595906614572
-20.058139047119823
-9.178800959696048
-21.570022555240826
17.75159676601544
3.618415026579953
18.643831112759358
11.652037411302672
21.74090846771415
0.7408227124694805
-16.934299629956232
-14.340671403706608
1.9123653069598843
-15.867352052027172
23.884642675326297
0.4109545872229887
-8.240003556603426
16.5916623647895
-12.685324899715738
44.50691766463339
13.909943890760987
7.420194332062351
15.548697586646371
16.407253749710435
9.873587953831816
9.073327743879586
-24.690213910948323
21.376379869005206
23.765328305641557
-15.596499604428459
22.871064943436636
15.781014992219268
-2.2467624922021514
5.3452138561285665
10.291741468647047
4.962265535851202
-28.90337814854854
-5.182553669090851
-3.4525073780647517
-9.438100116202861
-24.63876541285066
6.541764152693246
0.09046591524645509
-23.18297565857586
11.103663601943595
-1.354667227714742
20.73495919198615
-14.463571924658766
17.314491610928258
25.644269452278593
-0.9244894882237418
12.595973231437739
-14.287716974176874
-23.376815291043613
6.47054855868231
0.5567643261728106
3.4289396941069867
20.52797418247232
-0.1111100752478934
12.598215269607351
27.79428179472137
2.853859327061855
1.1145777027445547
11.139990981524534
4.0135059739694725
-14.552857164373506
-25.528213253574393
4.380050649904774
15.263731773317147
-0.19295774023311218
7.5972472437283045
19.691350388459057
6.447273677928905
-10.182089404916837
-4.365728364687868
-15.104213157912511
5.581722076695314
-6.784854425399772
0.031109652328837
1.1570975946189037
-22.97280144799339
-6.450677543226789
-0.6719706721661964
17.438306677754948
-1.7563872952247832
3.9675925962483234
8.585721999795169
17.662443804905706
-10.475371178859234
-13.738899935998234
-18.80820738386069
8.371581080067415
15.720214425183258
-32.128557786171484
2.3530794671363537
14.970514283013529
29.209655170125444
-2.4640318937418897
19.497355555039746
2.9503637833705056
-3.235652919416566
-12.761687226004767
-3.380568630620246
-34.90939540097554
0.6602995030912666
-14.205493009846407
5.414757760866053
13.064057925247084
-15.978404794410324
-28.887310281957127
8.437354414939648
-27.491207364618333
-10.118126831248503
0.29687921870709033
20.37121390616005
1.314946259840724
-13.743790811882889
-1.6066240648412413
5.071174476725588
-26.33766088562578
7.980383215290146
25.55046283082433
-8.634364011451169
6.343756373113536
-0.7087557905214223
-14.963128531123914
-5.797626184649118
5.076611316923447
7.683813532434783
4.080450257574512
21.151988157652852
16.205272159926835
-5.133302043152469
-10.252801194852282
-13.31588266738737
-30.53147141911694
-10.14776146035922
6.329689039132404
-6.2738455110369955
21.481085131333543
-23.66644250994125
4.749477703571414
11.657723602417036
-17.17452353994139
-4.897497198260339
-0.7328841849155765
-5.386663564377898
-14.564431733427682
-4.290704675171469
-15.973732183706773
-7.3780911437777945
-7.436564073246359
-5.941006671572211
-0.22397920227012946
10.480246429604394
0.1360067643603884
-13.01613218046407
8.739362524989644
34.88454791457247
-25.439192817224697
-20.69163546086287
-14.35946555242009
-7.898743832647142
-3.336862899931589
0.7299980373800845
-0.30860502322303796
0.9478655785294452
-11.80521958929785
18.8508008302465
-14.573936838293207
12.935425529735568
-0.2298733654952798
-32.83060049341702
11.43216003273426
-8.897750923222361
1.5138368349768712
-25.509974742829737
7.6975967054814305
-8.580564965433439
15.623752337926529
27.183694955503228
-30.2549791130686
22.828252503545826
1.9679807302345296
-19.39823225494598
-11.23071269006971
31.14139504450094
17.054388585891388
-30.119706242687926
-7.609973363068432
11.854269662295053
22.005038080007125
-16.58342913230024
2.4247069044697582
9.528963941908216
11.831277413523651
-19.436282383761807
0.3998180979544941
-10.310476865426722
15.03987766886263
7.127444528063819
-18.76981184541023
-4.739550964089916
-9.326656722120504
-12.006597422450113
5.236571155919648
-7.246959661891992
23.358509062602877
4.475449872170827
0.3305183956179575
-5.821165354803384
-31.329019309695866
20.539788045999614
-11.687610105594104
-15.382608702225811
0.1335932511904051
-9.374204698843698
-0.7537219179914132
-18.996640983965847
-27.014113586251085
8.380940713514121
-12.949407501398298
7.09568259856178
18.80437971166424
0.2998074090639875
-7.20240246859089
-13.78330076157681
27.51894655185123
-28.688053856766317
-0.4865011202308551
11.780422524967435
26.958396756840642
-20.935985489702773
5.55222219882188
30.883905876114
17.60660907136662
19.50278305244217
-16.403262598910658
20.882495062910717
-11.5702606272568
-11.79376810170328
2.732680269038952
-4.389077972701045
1.513632396081903
39.868750518417585
5.2152175747082765
-4.841219917241802
-38.04717811641558
-23.65548169911779
4.531767224597388
-5.893930452087545
-11.076926085650314
22.13036605604654
11.865201396547404
-4.357936606956059
-18.677687365145403
5.423546555240023
0.60874204972805
-17.994526966458523
-0.5153695717322078
22.691813824421956
-1.5773883282170118
14.75215649091885
2.1361082123053734
-6.420434377183881
12.852119063405326
-40.14842854394067
5.221768936268688
18.892133229386193
-5.240042690932285
0.6060813062227339
28.46872025288303
0.9475145456768814
22.996136355192533
-12.013741938068167
21.289068883427973
20.54516086177364
-24.06962855618076
10.009550878796801
-3.028127518978352
-31.907291066473817
-2.7975716250412574
-12.471679533003453
-17.13457409175055
4.159650323346511
22.57303677346033
-7.244810363393185
-8.554421698877379
15.292580692620675
-11.0886222427049
-2.042506888322862
-17.334036064460122
-1.202399939411606
6.216970269660067
-16.40380919376264
-16.982054820728308
-2.7825005031302226
-13.140868610629468
-4.352313902979688
41.49475446869852
-5.725857408373599
-6.955412198925501
11.656075007755533
-14.042129302155276
5.092835362451979
-16.059513432684184
-6.038529815418087
25.433080574303602
-7.637623563269415
-16.060284081441978
-16.310803662124275
-10.897293844716899
-7.938944812079512
-4.827729677740932
12.993408191885466
-0.7050935630827551
3.9592746566638937
-15.864935649526785
16.323640673248008
-27.86478508148599
-0.6351103475989248
-11.043488882470513
-16.918715838149467
0.015378805905982063
13.839105683918321
7.57479920613224
-7.49010524186599
-2.5689808736422037
17.015136617852022
7.6946922016548465
11.398514028203806
-8.063895273917069
2.2038653319292507
-0.1341968821812427
-1.679088286603644
-18.00896125956382
23.11343589116555
19.559745222170477
-10.69259567842795
19.380147806421178
-0.45385454309553097
-25.868465040290573
8.447531879001644
-0.26508341632148813
1.6864420104758722
-15.21685276958226
-6.0541499253033635
-6.115551269338198
-0.04354806753627827
6.1211460276661
5.590095725748711
-30.405562378346247
11.039677274585245
-0.44370180110078644
-4.229256234245554
9.279460748130019
9.800983981359593
-4.1292989806279365
1.4747353615534853
23.90694080177815
8.235724685858372
-28.176169377310032
3.558036646938831
8.97047917343616
5.101547892555458
18.737346330735193
-35.50812529203591
2.5432164169611724
-1.8312578667839148
-42.112013313108775
23.40146107108123
-15.69020247728605
-8.206550992304413
12.906965146810366
42.24864043215726
-11.259735466352708
-28.78512333493842
-10.28836808356158
4.797068428367311
-12.22123916883362
-26.53788193801512
29.546924331809834
-18.295397124272487
2.3104168259636144
5.6607893881580935
-14.229532187139114
15.596745055364579
16.393683889075987
-7.568821220069537
-13.79424735860897
-5.145590179805879
-14.087809205503788
-11.606045300724304
-7.032707161066867
-21.15002701866257
-6.484660317577095
3.011177711165203
10.776801501294557
13.111934806907469
-6.911774550839879
8.925626073326384
1.6151429860494204
7.740036288830794
17.430931488868225
-11.250639637960548
-8.374660756033279
-16.89974237707088
16.039376118587427
-4.9670121694216505
3.269157516801443
0.189487968744686
0.8487240548115551
4.063350957089995
-34.3106360480204
-5.777118088928546
-18.808944870400296
-3.689263297827494
-1.8060877004776899
9.185889782353627
-3.5171975906640114
-4.382842859988217
0.31927843240998754
10.318978806295661
1.9083022989778726
9.896953695266744
-12.391119342965112
-15.536498407699753
2.968010087570349
7.07585342831635
2.5844191913701593
17.97990803316486
6.887356331661123
25.059750501440277
0.08905938167322347
24.39889308196564
6.361144128209503
4.351057929085471
0.18089308772175627
6.4710727490123645
6.071998148687328
-18.347153159644165
4.6062150596386005
5.743417479550487
-30.282056158694335
-6.160995935341874
16.95334796966702
8.053461338533907
-15.991286840989858
-6.613413244634671
-8.255719630281249
29.35415961757747
-7.21820983936044
4.096353131196168
-6.72475304881533
-9.49631009776846
-11.144763797288704
-2.57304719787777
-18.857625108991044
7.256689076010389
-20.249911379453295
-5.397979930928443
-2.5900322894544274
0.4466068415104587
0.11776979059771953
10.812364605966536
-24.565401462146383
17.29123529360453
-6.4220513652901445
-8.389727835562724
-2.4771658965665893
28.24078656240914
-7.132585438417321
-11.577268733866903
10.496494576115369
27.970756060381518
6.961375342114366
-9.107935526229028
-23.397017679361518
-22.708807974455794
-7.591138344889259
-11.071395492895022
12.991649043400173
-18.17589479650644
15.415000564907984
-28.763647011878618
-22.549086243228885
21.20099124477639
-22.721658022914824
11.186541942768315
-15.699057564678355
29.760645373756006
-2.659360088276628
-6.839274776608819
4.434143960503832
4.62586122291674
-16.70249274156856
4.879285974402194
29.985764871413494
2.287579005969576
-12.439675876741546
-12.56308951145843
15.042579767789618
-5.1280119553892405
18.721788243795373
10.685613008085795
-3.4931805002232745
31.513819997149593
-12.961770832142177
13.262495521586686
3.4206247033889667
1.424323653683757
9.354073492132272
-23.971495970397314
-1.7763244255294242
-7.560253541370342
-21.460070515482983
-3.666235442280822
-6.99829735813762
-23.95594483333423
-35.75001737374601
-6.329049258929842
-4.944536685580431
5.108200935420655
4.163573562606075
-2.041461728608766
1.2697762021637686
-0.7975939409332398
-16.93934145609649
19.224649478125173
-9.822049685778211
-14.63373156626335
16.97395930645081
-17.204006840290845
-9.508073322274583
-36.09495959274727
-7.487096662206227
14.386571612124186
4.874039963842648
-11.46985332812193
-14.362204864157377
5.943269052105904
24.291276612634647
-17.445118479295786
10.06457490609938
-8.83386922335734
-7.090128941294552
-2.2596718613841063
-2.8760094423119544
14.050392350215958
-34.36277700274809
-25.68311879682966
1.4954885744506328
-9.005465391718644
-5.913265825190649
-9.633887183900754
33.82596437659362
8.713278764185532
-2.047824414969739
-1.4497723669829838
-12.00751281327382
7.283119225405471
2.3090519486786434
10.973889206665035
-10.460014206164658
0.025964897093388173
-7.8938681595761295
3.5404886584142328
0.7955834805345604
-2.3206157443781876
18.236108455845
16.39128035766845
1.5899150190502382
-36.85340555581337
7.636900831036655
-30.757909516671305
-14.421005885581963
-14.984614212431893
-19.33412939755368
0.24066509091477428
10.750095049310744
7.449215687837182
-2.380406446615609
6.84355782437342
-18.489124196473256
-1.4165812678648422
14.461928657637602
-8.146408680785271
-1.6715141622095187
-5.251000649529601
-1.1291216716031727
-25.86201906093197
-2.2767173176076767
4.627749433155884
17.731816374047526
5.779207365143691
-12.660760889156336
11.238982338722963
9.139195552614922
14.508216541193804
11.339896181282825
-16.82119941994506
-2.7762379150652237
11.289247458443185
5.831006767136074
-0.39518367077346284
0.2464886823549931
3.328758072828805
-8.221319058355562
0.8621835576705621
-25.846290424469714
-15.69137989184213
-28.101544457379365
-8.871340753514572
-24.649645939479797
16.455990443612592
-5.678529814766364
-7.96478732483348
-29.322000727467643
17.439179867206036
3.9135345603234555
4.240728848566846
-13.116548139355643
15.790469619963005
-16.243818954115454
-10.78141579372044
-5.03503163676038
9.671903602664997
13.043061556040755
-18.053174127719846
8.710607339502815
5.585656519184795
-14.461990946312937
-31.64419715697727
27.963039167210813
-8.786754747409134
-18.55611049375847
-32.8514294506964
-40.14783949093152
0.38586939600287473
-2.6369996474317645
1.1973238745151207
8.979101370159299
-2.772988827190602
8.727443027533354
-2.9931391665279534
-5.01661958669041
-2.423007268290519
35.99446244900798
-19.108405210887327
41.00786987881659
-8.788009050534356
2.933576073298127
-4.023877832969276
-3.015930441596822
4.076730059793817
1.1273767801066867
16.06745619006324
-0.11574692156983701
17.14180546302708
-5.982103889739847
-8.734150671168948
-9.451022686132033
23.972934376715926
22.160606367924572
14.47960429508629
-23.66688470884145
-1.2012199285859424
2.60936176738619
-3.885439882327148
1.7841876736149516
3.4530131870018304
-19.383740508607616
2.931761528913285
-4.5910098781986335
-4.931599458773917
15.816522011371433
4.9418420897053466
-1.15548790452317
3.669685284863192
0.002649880096612267
-17.106232645267085
-1.9499406357061841
-7.092262321458577
4.876177758153433
3.364743857762335
1.5182359131731573
16.03988244542103
8.868412419870651
21.421424967658336
-7.886331520184456
20.502923075176426
21.68928212974879
-29.012740739713934
-16.23434989002004
11.84250732602493
6.404247482685719
6.864784286960742
-0.9876728285802301
18.08075902462292
31.84583896061978
-20.158698451770533
11.904126014422701
-33.88196965874806
-19.904182029701246
-12.732099032568556
6.930965438868839
30.349903110984876
5.828142979823723
15.0892623991258
-32.476947923833734
18.583207799059295
-20.92607754234996
13.502197443825818
-4.258342633503446
36.86014624989471
0.27330797332376733
-29.6861371218385
11.149185214718216
-30.733107444575182
0.45804121295145706
-7.29479344220556
1.0798452539616505
12.07314355421704
-3.1816507251025428
0.10612409204077264
-11.663763953533532
-3.348438589635179
-27.374749825933634
8.038031173970353
-25.66546662484683
-2.704443236027033
-25.451000185623627
8.825659251214347
-14.587958408220402
9.428225035017192
0.7340026252845178
-26.153296772606556
-21.718674055483348
-19.464099312064548
-13.748490272340973
17.74984540755307
-8.219036035959618
-7.520366855110865
-6.277590533132582
-5.740841766712208
12.92232068362216
2.19390901838716
11.3959262671425
-13.275167004902357
-1.1457097917189003
-10.70489225525489
-4.924857940754066
3.7881271938369427
-22.604352524137937
14.59964897151727
-6.056287061471238
-8.895351724772809
-22.661187572121946
-21.82404884675867
11.537678817914696
2.2869735699146645
-28.53373739790834
-15.556901807013162
2.286691653370724
6.441392604980649
5.011694845184024
5.863772398074901
4.058355414537459
2.655762160397728
2.5115870455856566
-1.2530512973319787
-4.708172049421194
-9.212492552784168
-5.154014343492578
1.2344944155267403
-18.063931447030882
2.129318100282376
10.509351438039857
-10.168502461211574
-11.740552364897269
23.679308465307372
-38.063251862913546
1.0457066049103787
29.781550271270476
-12.992110822548739
-12.77371210327317
-6.144147868789674
-0.46697476585296727
1.8419034095875868
20.778353672662632
11.684683804020466
-30.670025829398355
-2.116401474513225
5.253773033762286
6.616873082264646
-11.704283969744552
-16.34672628835915
-3.4544981859596646
10.28336982615616
5.967295170803197
8.174647611859768
-21.536644216222328
-3.304681417624522
-6.9665971490298375
5.749368516619483
-19.68789898126977
16.431801488612333
-1.26745534038281
-23.062279342891145
-2.968687872695682
-14.38306592771022
-7.401556473346545
-1.4590096608508818
-4.388461351168871
19.323420691537137
-8.279869747392695
26.544827688998623
-14.356848319020687
-46.75183389495197
-19.405530679296362
7.357692542118286
-17.248277434346562
-8.577906792210626
-1.7992321987950959
-5.546041598148804
-41.78896756715876
3.118396575440215
-15.992258883624913
-5.606419013519143
-0.08995684283979699
45.32862646934001
5.866570932908303
-2.3527738054555702
21.580095410915703
-18.0572629980648
1.148064323631644
-3.60861038785714
-20.25795705837328
-15.009910415158231
10.420918748024746
-3.540021143326725
5.760994185378877
-5.479364234730326
-8.521564016728462
-8.291958610276367
6.976471132633662
15.495720236092438
-25.517573434467465
-12.20241912869267
11.926573243972996
-31.249806154076904
13.126236240065111
30.10609568542955
-6.587806891883929
-6.137398579794819
-15.340796025758664
-1.9572573112967007
-5.541172912619629
14.492924477347911
-5.901891205559308
-2.103799575477126
11.371757508702613
12.675692056957928
11.987019735217928
18.881090519510906
-10.719163309154794
1.8832022053924788
0.679759042796491
2.336532253546011
-16.915785660704785
-10.108908388202053
-6.356142945156449
-14.765183007697033
2.0235106007435206
-27.247048228284655
-4.760258098863119
-6.68108317232452
-0.6773085940766923
-1.0203584214070813
-2.25694703148514
-11.08917212263492
-20.54660284793954
-20.673748955305257
7.312916072967653
26.24856382994284
-5.362347446343107
-12.856169923167386
10.665130172865986
7.212691932025222
24.124970268049363
13.570382392829174
2.791882919691602
2.725200603602388
-8.300681897041555
-25.987676026014583
-13.35538485211174
25.053741261192158
-4.694804079650737
1.8925750762442135
0.9853123533625876
5.955387573827352
-2.3222524498497132
21.363042936826275
-27.122798599395477
-0.12870906279050587
7.583019013593116
4.809283938078806
5.749157821742415
8.07385397385059
-5.023606341539619
2.736849569151388
26.728681663594045
13.258508920083727
9.619342564284693
-0.4361417613644676
17.999455824303624
24.76569244538743
4.081016264700054
-17.775629007224353
1.930431431242539
4.5321419518726325
10.743085817538315
-3.9280558430325243
-2.77365221772834
-4.675114880111096
-23.63930697657588
-4.097452280967332
-8.341064831640779
12.580184487977647
-0.917374671080097
-5.9478442632720325
22.802030089531627
4.372434090991136
5.827222164507589
9.519524423885173
-20.24506817157487
-12.13921548603463
0.3647745912025472
-11.068060928261673
-4.09246146333669
-2.8657952781931044
30.704298102834002
-2.3009733412797004
-13.148603383025602
-11.692620182573535
29.12094728970689
8.021182527555766
-2.6606879198672573
19.096085992336384
26.500985300064713
20.810164486527583
23.8619096822934
23.16560964004961
-2.768673920618255
6.31897593778632
-23.30178736912768
9.772211549080964
-9.385513924590441
-2.9418515828746195
-14.555929322464126
-20.3839703482426
3.0166973261021894
4.3622328816551885
-10.468146176984192
4.032042254035332
35.32225041157062
-7.833215408523188
1.7917245328351898
11.216013437235176
8.60323193584395
-2.0297924622884125
12.426236071139499
14.562857802312013
-9.204069115356504
-13.078723454223336
-36.50581017343086
4.113279359195076
8.218929071544153
13.13413301937888
-9.949146445897211
-25.257681953484678
9.175994454281408
23.045213930230606
-15.288137058314362
8.325692607698556
-24.497780655882423
6.334078737778668
-3.0023168667837012
-4.1642129551821085
-7.111503294133172
6.591922434435105
-18.605122417278437
19.241630939274813
20.813104072933754
0.16989354538264934
-14.037790356847154
19.1638736035639
-3.6770790453027757
-4.504099714758013
7.522337507221607
7.118952353457075
-9.628126930489088
-15.985793005122162
6.903779511555342
8.762440879976111
-23.792949895792162
-4.660216785811826
14.89815492629478
-2.9058969590416837
9.819956530251943
8.335440940435545
-10.492335163128358
24.135701672757875
6.174725069296358
-11.098232104432157
1.669096696572126
23.10559185678389
-9.194316960389301
9.179519229991797
18.855296880526396
25.22798729577002
14.512766393105267
17.624517191954453
-21.411180755868543
-15.91880940287075
-5.609365283528518
17.749506265315745
8.2965950389152
-1.3019177882225106
22.62021673367019
-21.57208502475442
-5.815611789961565
-19.9695956053688
-10.502107918199213
-5.521269556759194
19.569854911706216
-14.417249386124837
-5.764678663313759
17.10457339083763
20.0171428761108
24.338034997407988
5.790302949599947
2.3405487622833903
0.7537104129439739
-17.30504302069619
28.28953576942496
-6.617975426313194
17.39915381162041
1.4739853375571672
-0.3147252469693167
11.93617113866486
-4.367632191323565
0.6955611184887401
7.796828735632517
2.9190059641770745
-9.207332943825179
-12.529569215869003
-15.215789313435323
5.831164952504167
5.076700134653947
-9.289431701292926
-2.9739369663433877
-12.812972539165342
32.16412382569618
1.1522014465692791
-5.858230314736829
24.94129091853631
-6.135769432345967
10.287437829292287
10.381966926163898
17.667629152384762
5.067325728632824
-5.936895799886145
-0.9406023055992134
13.422260004674683
-7.6044676544402705
8.706401541067237
15.531560449410051
-4.981246019593073
-0.41591601853485827
0.9754964888463178
5.665763383914225
-6.013265355890155
-30.904736692757186
23.20449695140121
8.681402817074172
11.745430692122966
-13.830176998432476
1.7883501346732942
-3.9629476347128616
18.0036413602233
17.172265650347043
12.754019529024333
-17.663138012001866
-20.94437653304294
-21.771700162704235
-14.818875973165461
-1.2888397927883375
18.305037980109205
-23.070211188814255
8.632900473404675
-8.388828126687372
-18.776909195594214
-16.78205783039005
-16.281517000882502
26.126775864634855
1.5351625687870296
18.353483619448838
19.0401178552828
2.2885336395596596
0.1736286861245162
9.664283838796251
-18.631884542401735
11.597513074958389
-23.27556572622774
-3.86473647897742
22.847973321292727
18.051906667823232
-2.2654581145251314
5.063340605580834
4.723757076249797
-6.873942273703278
-5.141720636200205
27.26581979133354
-0.7505974139593263
3.240360381121434
-20.092535259862018
-6.6163830318874375
-19.423689982604625
-8.350497904218571
-23.519984664327467
-23.30411333244831
-12.444362133490815
-3.153137083566208
-6.248221350597703
20.925392603102352
-2.7882323858410136
-20.22290706041514
28.91862850198254
-9.124586958547297
-5.701345777250538
29.445381658173375
-1.0503534544578772
1.1681403863626656
23.096926658024472
15.053608868353308
5.0410188947686265
13.098415506635718
-2.288206781285112
-17.916626688508813
-32.422796785337766
17.748213870765596
-33.411640337805466
26.427859547855064
-11.144172823603412
3.5533063619744776
12.365402218619524
11.232582560387812
-8.788102885880846
4.475308134618103
-7.653576519769218
15.894399909638823
27.483185977699744
-9.329293741797756
18.56838148477823
6.395224429797111
2.7314158026671294
5.424171870879832
-11.697033073733905
-26.016284208367892
2.3621426764740368
-5.324807967267077
-4.753944061752577
27.55306535469856
-30.70701425114578
10.733650594418634
-0.9325349242322434
6.584467088073723
-1.7334661090940813
-1.591878533408647
8.189443592732374
9.371759025587323
-6.4962626835467745
7.065724225739018
9.91042485920758
14.671142116119965
-2.959042356465943
-34.57597836003703
22.582754658907277
-9.987380070742688
-24.51677832437423
-12.950777328045547
16.380296746476603
15.382906664128313
0.8510935655596652
-10.019939992704849
-2.222710416133907
5.797494363928195
-9.728284392331886
-21.400287145169614
-7.59440963516539
-18.32728322019858
-5.102050009939433
18.76273670292252
-14.727222998280979
-20.846777112251914
-24.696500249036887
-11.541024552125576
33.3618718427615
29.605512734651796
-10.385773353338152
1.7150140480064238
-14.374410162525692
-8.687918747163735
22.33399843682139
-15.195683432561964
10.783951432297444
6.035351691636691
-12.156555741118495
0.3936041634635785
11.079612943303346
27.059906568057357
1.0889669348013058
-11.557754748846776
-5.966698618530472
10.539973370922667
-25.176932375538684
29.99867553251258
-27.97982384715317
-2.4379903987447165
-5.507708368863973
-2.12406317615887
-32.83586237362573
-10.88774527717925
33.89191828795842
7.885666260233279
5.906509140748426
-12.182348333270113
1.5615175335208846
4.538240640751382
-1.6880801719316594
-13.285226369848885
22.79988275366631
-35.027048630425554
1.8916644890401813
5.900897112893404
-17.845368470791243
-6.101572454789732
-10.072170703862069
-16.518337099001542
4.335653137500287
-15.930510854135438
14.859758994831964
4.612654220549928
-11.161644001625803
8.60469779052545
-31.488472366593953
0.5922462587731729
26.449863082959695
-11.81007236481912
-0.8825676623488334
-11.722005871471197
-1.5132250824557332
0.8925878731056969
52.62795480471624
24.83551065621731
4.017579526943052
-1.2773341354373997
-20.242526130486283
-3.1021640600941396
-9.608914429202741
22.934212442168644
5.7448750006928435
-0.03061285189858154
6.8421755933175055
1.4363400511919626
-9.601822436654743
5.2397679232982455
-22.07813492796572
-10.48276284519693
-8.514957955158138
-0.1050419608853872
-8.763740855773364
19.88526598016585
1.743766288794518
-25.768175831782514
3.6820194394634598
-2.1786873151975215
-3.3163496490415127
-17.224229227378093
-16.211264613386447
19.00185581801412
28.30408623754795
20.03628548741358
11.036019746882914
-14.76537771589045
-11.73822735820329
17.934083197628865
6.081293860370408
3.545362919332746
9.349840687656922
9.137040354279463
13.601993911745922
24.29392441790199
-3.69909110978017
9.470502506239768
-17.34507716845195
-18.693731797381304
-10.099424082103155
-15.006478969837644
2.584369940285171
-2.8420912077091316
0.013109451298419117
-34.550689688626505
26.976490783396798
4.907345633630712
-1.6569530443978238
1.179198190910256
0.12141619049344857
-5.956993341023576
20.465899729974296
20.237755984328174
-14.636649782345557
-3.39628788478467
-3.0302597401534115
-27.29149817186652
29.849854809768345
5.698959058365006
5.603586516919336
-4.678010640823516
-8.61836617561164
2.0495630836854843
-1.4191706884298014
-4.053829513685912
-11.154942213966137
-22.17349347722626
13.46431155766629
18.867840264617598
8.372444978267481
-18.328686787245317
17.0066890533854
-24.44376745447903
-5.918433226903971
-7.51761365702356
2.2198938609039374
-7.953403499521471
-14.419718722114967
5.775840724471067
-8.872596039312612
6.724637388950555
-23.257402879058304
4.11170209864224
-5.987182251812101
-10.339875679836041
0.4864868123243582
-4.552045498305006
29.848108778829157
11.637112097572071
-6.927688996521112
-16.887622364759864
2.1491775409270417
-43.57633017267153
-20.53849672393494
1.473388196741439
5.408309598292817
-20.52479251683974
-9.785094660956418
24.750857173902688
-7.622453991162473
-14.479730970173875
-2.7119077529131914
0.831036181903869
21.47477320110721
-13.067261008984133
11.715826891069698
1.485624180932632
21.053198726802638
19.44152528132892
-13.02676713941338
-14.157207040657
6.341682171032517
25.123903085960308
-17.54046386288968
6.465442368851541
34.146409545803884
-9.732279312312073
12.934144587959935
9.32186985184768
13.304694012680953
0.9889913899056635
-1.020493437575027
-10.031003421148398
-10.86658529228498
-9.53801906371649
-15.449566449697329
12.049014165656558
12.546853123424453
4.547097674467352
1.2127495171222904
1.8651077731252035
-9.097862783160563
-9.897579283866492
6.165545898354424
-6.023095686765998
-2.1624600310065603
-15.323196007373326
-7.367492015611445
-45.56364212319369
-1.789065941012495
8.140906476113514
-5.659504094562465
-2.2619503885257477
24.140869269497127
7.448355821215614
-0.23249080319709492
-3.8614203214807503
-4.343612083910159
14.889629764477093
0.8452617192752427
-12.609110545627175
-1.8513225476220327
10.942390203238064
13.561273621243146
13.88457213135041
4.64730514773089
15.105060148547809
17.270542883010137
1.4658809423191883
-17.56129909532848
-19.0395691624945
16.46131427518742
-4.243136450403199
-9.08377390909186
-17.348637482225968
-10.786014722155244
18.474102058046412
10.36582462660482
3.1268014907300308
3.865865223284232
2.674803203671445
-6.378778620128287
6.227788812700851
0.008290854843608031
-9.72913442677276
10.88031109446598
16.56323632986829
5.483048740697485
25.981972209105635
-4.659963421647575
9.390253755582421
24.21520268502161
6.0994621832572875
21.204254834896005
9.582422085848748
-16.07572751575367
21.366193075067997
-43.25544852301954
5.33904273119606
-23.162252996155587
12.952250956230415
18.277932183602587
3.5728086867532625
-14.360169228637687
-19.837022517779417
-20.848081754374903
-15.89435629368404
20.09028951858903
-0.6189554737674143
-2.2186103377649142
9.329704679159136
4.511948625502839
-10.478340709898362
1.5086885886914276
20.909251026888683
-7.668223661258425
22.182297725424007
9.766881422588739
-1.7333366628830047
-19.138609541232373
12.61936348866368
-6.179238376208617
1.828371363983365
-8.314244217899613
-14.320183057512054
5.592629321514437
11.55681309964575
15.838965333820283
5.11364346326127
0.7285416276696424
20.373099042678177
-4.98272695005744
8.3192565459903
5.509912303906163
