averaged_values
-21.593359793267556
-0.8926954044503645
-6.107783367532361
10.860680544536992
-12.066299305694427
-11.679955394592584
-19.58406130574457
-24.983141886766763
-23.659302191812344
-3.2469752524273185
-8.983380258219881
16.31887335636867
4.120779894506541
4.038281248331259
2.04232796007841
6.813662047734398
-5.2354087187300715
-1.6644113161401606
-13.9815093959009
-45.36972248711589
16.743316670779222
2.148818241343804
6.469748383148044
-6.965676851182536
7.638687587229698
10.44248973262927
27.110307351010647
-11.900476024634203
-7.401768793050053
-9.996839277382604
7.651553600315082
-4.611156067453237
4.220666868529463
8.41929597513331
-1.9778229693722549
-3.0005064945790423
3.1713140034856906
10.703758654704187
12.275112427213855
-22.80613246553582
25.76550131475585
10.697464950588596
-6.364922359364755
-16.227338402697402
-1.6299259849914165
-20.14473674311404
-4.261152858240621
6.986875396958793
-1.9161920305213584
6.514908493094765
2.587803284309928
-15.31994514992249
12.973152115101016
-12.760653573306513
14.159534377839007
36.26381101621939
21.44476177861918
23.02959333385519
5.801612464947312
20.0573081635539
27.781107737230172
-7.636710008227965
-15.680545723903208
-6.4940773457809655
-6.151648767251687
11.543277667794198
-32.466288705077375
-20.979633310916764
-17.656773110640646
-27.82175232715872
-3.2010626225015244
9.36173980257024
-7.454529583123191
-4.889719816378374
-19.53157286774433
-10.210224693528572
-15.234698483859743
-6.085261210435988
-8.958519403720572
16.245038118803674
-10.356048011996675
-3.596447102058221
-9.611853219322086
10.331952363068352
15.966812845822801
4.71708242159832
22.522529562412164
34.01152962279474
-16.820594474979032
-25.02933054793857
-11.476492174727982
31.188032229057285
-27.86794078246561
4.7839818555396505
-7.0558429152836775
-22.70828110113399
14.147885502097326
12.704806657780635
-3.4557935190789513
13.480221723284556
2.496849500173198
-24.436394246644287
14.7035830590944
0.2070181489384595
22.341074738563293
3.3553070041149335
9.592607460124556
29.783339262731943
-15.056879790900323
10.081486308200397
-41.345902539307644
-0.024420895982075308
-17.239371731814174
15.622197792879774
9.717668949631843
-19.326781010294038
-14.831352645196318
-12.916193600000438
-7.943853420890947
-5.486924111721351
-23.97923349787675
11.957026925927494
-8.568535822817863
-5.6203923093302715
8.656632455102567
17.90931163120365
-14.445728263372589
-2.059852137511939
28.736419690703432
31.35319452330316
11.20206090126294
27.444486120176286
-11.5853800199111
-10.019485480468802
30.033322338125345
-0.7803166217669286
-36.889887430711546
-21.983572068454638
-22.637704115764052
-10.470187433235196
14.883097484321752
-28.54698175669318
0.04885502761663929
8.578855075405158
-8.831540349291457
10.1759227329336
31.56836276189074
2.0407109541665136
-17.8046097417137
4.45035229150983
-19.066995970294162
9.608662005136011
1.1318061038737142
10.057048587435247
-34.63681668439784
-22.53461148580067
-24.09884682853016
-1.3109905892880531
-22.584765789406728
19.795129683073355
-16.045799765581478
-29.477673929248734
10.356961410620329
-11.762537262760643
-14.202069217318751
13.902957130256366
3.3003588433201685
31.9303097067625
7.317250157470652
-1.8341307746684947
11.4482932910156
20.547583894256267
-12.241351494822707
-1.6691254754118177
40.16157697528092
9.806329247512508
-11.416223975534253
-4.373223183870834
52.318247622311794
1.935886676879136
13.228121404656749
5.212242485139086
6.273683715363179
17.55700255158399
10.84550546323567
3.2650631351423836
12.97970934343891
1.1333398579650975
9.213666552541897
-25.91928597589339
27.77555521746297
-33.5366883206994
-0.7463623732688234
17.657333658978818
10.256032902038275
-10.181787643544228
10.464395091400092
12.466925544837634
15.100361366933384
-8.166233156983253
-12.355634900896973
-10.40645405974368
7.283113060195887
9.89730756951542
3.291691494171232
-4.0368301570622975
41.647155725701055
-11.467288773825144
-8.88206122436003
-5.915022029258238
3.926799313311904
-6.945017622042087
-18.40088062396865
-13.691629575950005
-9.484322795895876
3.9150847563532807
-13.146452260158071
5.946350594766841
6.329410293313117
-12.164129737145062
-2.6259639691728007
2.4717953506607278
-1.913647838681868
29.29388097422589
-34.239548364646176
-5.8098573943422025
-7.650914569866643
11.693237382365849
11.699571121415147
-1.091791222627819
9.842905055192547
21.325401326171914
-16.838965167927142
13.970194291993721
17.846104969627962
8.674552566596049
19.066892337776835
7.046578836624861
3.1146984160844795
7.069306469710796
-2.8957429964674475
18.4942911081904
-11.298488055994198
-5.230524802313142
20.769905141186317
-15.327475983457761
30.24745458946177
46.5325069960985
-9.916565176725726
14.156624703708305
2.186948889488292
-18.040155341633465
1.922471900217943
15.578750923456594
15.647265853660654
-4.193069998659496
2.924800327595335
39.908380354974845
-7.060882617154392
17.076326547594135
33.298302112579215
-16.343001800106606
-12.688497240289054
14.245020449737124
10.796765044201038
3.771770975667891
8.544400997093987
10.382269313029383
13.389582608232447
13.847489101551671
-30.05713220851254
9.741052477112019
9.488271672025576
5.317191343208037
10.739522289687557
-24.91636818604235
-3.486891582424392
-5.374266331139778
-15.082464794931466
12.505286413382919
-10.41161442282464
7.3081650651365635
9.395604539361386
6.071103293867964
-0.6767041804116616
22.31049526199479
25.01775071895304
25.241198517724452
9.114134263662097
7.329916721447943
-28.148060990783566
21.046866268333698
19.29978915837205
10.88938852683964
-6.824936714726846
7.571160221047648
-12.215722620841744
4.073865341798637
20.316320857010734
-4.8601265324620035
-13.672121212070694
7.093196596576604
-24.917769731718348
19.322586046188007
31.28408391058463
-12.492065851549626
4.154208363339252
8.349667384237591
-4.07674303423812
16.387757908186813
-7.0513820225866075
12.101220743416205
15.256551740903092
10.468677987646855
-9.936595747928322
3.3327157209390634
-1.8571973080125304
-8.66330282004941
-12.861555389303815
35.293327451174385
26.047380594340094
23.287261142747184
2.781404134212721
5.106429571350134
0.5181556571376404
0.5867304327119882
-14.447751801976723
-18.834675436476058
-19.756914996952105
-10.042065077795826
-35.23604260642429
-6.9054807725214005
-37.9734875578726
9.420344514069713
-23.02027788419315
11.64379941272722
-40.57012942447267
-1.7712527486667682
11.743665520391914
-4.057192815839244
-22.387517555931765
4.749135711284112
-13.492965304449456
20.119840032539173
-1.195325950834956
-31.734661065209536
1.0479709034133862
-27.774454976301797
-13.138742021010954
-10.847002573554162
12.538175423475426
36.54583797096802
-9.96443946473272
1.7994502768945042
2.6012195531051248
-17.927588494109553
-21.307156591298853
-23.181684648079056
6.9373869144358205
-21.06589674306952
-1.310247085819583
-14.771824804245114
-8.301942776755768
-10.63196542649149
17.034269350552904
-15.248524137287516
-2.0363395434665112
-15.965911558976984
-0.4682948707302898
-10.682112495658373
21.605289189014567
-4.1174783105429915
19.452843563161988
16.372203399711452
-5.113583427967002
-15.655771924035092
37.54218814721912
29.597105559628407
-7.352618209497905
-7.270489261753028
-34.930482902493445
1.1438691878328202
-15.730959154542234
3.4942700318129027
-11.293313371349427
-7.268726230283222
9.767496251074702
-15.478830857331845
9.98938226641542
-0.031172048700000232
-1.600035961779554
-19.5071295156784
-6.395839028964474
-4.9110832058512415
-6.890463025197391
-1.574366606596186
-23.931754760379647
-4.529583022552856
-16.58511911904094
-21.852963247395905
13.511908246038844
-11.50726206172817
1.6898758269414316
4.266513817347914
-27.033236537720146
-12.756765063248965
-17.07332187720573
23.796989769913576
10.200340511189095
-25.345150246154102
23.98355657221998
-12.868863430898445
18.73378516058426
-17.57823811747977
-9.144303368480053
0.05740640615931625
-16.036796351169983
-23.315027798364266
25.623059092483917
5.912462447118743
-26.296102914262924
25.618149691317395
-16.549424560011005
-19.059915718835953
-19.856216141102838
-10.48791699399419
10.148096607587604
-27.92565070451616
-29.513516568659554
-4.116095277415353
1.5706748313054388
-26.544900743803
17.87013127314458
35.665083622714526
-19.556795690323103
6.717183248592846
-29.604258224732064
1.6195432295741057
14.090065595719581
-30.135411508054123
-9.870085757516392
2.681548652608626
-13.889799795210767
-18.740991928851887
-35.29559084677726
24.16936738757363
3.4551882421537243
-3.305068566012493
0.1219812432730123
-35.153102162206835
0.9906308963475112
50.22664667345129
8.559165815068525
-24.51000957840489
-20.077383605168
4.68056064838288
-14.682658422467911
6.897984684176548
10.558707378472263
6.2845339505139455
11.010110934693556
5.612745109528476
13.732115281734764
1.8108150496733515
-10.773597825497005
7.657012561266924
10.51310376546428
0.921204073247054
34.25499021068384
-8.315519140825643
28.454973756987673
2.5973242509583088
-5.941268933367097
-12.218384535163974
-8.065112521331288
2.6702637978247594
10.850168040746949
-0.03729426094957944
-17.40477272613947
5.021889643873352
18.546477197962986
-17.95917791685531
-9.879291379761183
-13.931873203203224
8.591548973896352
-21.308043645724013
7.791394346850552
7.881497210953171
-19.57926441860684
-1.373572723612824
0.3900284835333423
-9.618085003480699
16.62887657417093
2.5785317401154093
-21.856366911588168
-9.527753951865066
37.559265883198115
19.642615745967078
0.35088818418353185
40.4733142569355
5.1427622627713285
1.5941719446273623
1.3628041842041512
10.176099829823784
10.755849409175768
7.887783425439693
9.015032240732127
2.919098600240261
-18.68702158061581
-18.080357064136308
-27.68042144344696
13.510953685244315
0.004656736015590468
20.51015925576689
5.992549005973331
22.848874518632325
2.5361642816437784
-23.29951871026537
-10.698637906082354
8.244656172154805
-12.578998169843599
24.64386849388939
-12.89172401832144
-1.6959912812100129
17.521408456245695
-15.176232419238374
49.96400115054121
10.369962149082196
2.310068347457332
15.79620575520778
23.868827145462088
12.491296388570616
9.309245831719636
-27.173017867548594
26.232931306273485
25.658105423841793
-22.70505436974844
19.848513465823547
25.045959615436693
-2.2182770444273388
-1.9680959192943988
16.173504069619867
3.94467269584311
-40.39632942256952
-14.328406157201526
-15.637217949566717
-9.75978988862903
-14.8938235196581
6.666490827185727
3.5963930150626315
-33.41978840485893
7.042898222959878
2.322651614843608
22.24684744812646
-16.244648679538447
24.895206867152186
16.49400986640444
-10.239779387231524
35.68897596237173
-21.094588258391756
-32.74698878919338
0.984282400399252
-8.614144348728987
-6.740445865988307
29.284774610656772
-4.252254835775091
16.351645532064712
25.816914338471573
-1.7635975889833162
-1.5230685590359485
7.410785570240249
5.121053349364728
-20.312372317182
-22.40534124692357
6.331647545895747
11.471650797934329
1.395364891110603
5.818017915866562
12.094303436200052
17.499648400466867
-2.0272800697541697
-2.528559056686845
-6.023868856374293
11.947268261265776
-4.214923807559899
3.3879058563784383
1.575823204971357
-25.58277430058189
2.3755795168945038
1.1691397131999108
19.474511768567027
4.1382054574919485
7.038506244329027
8.630363538134247
18.182987191770227
1.4193396013984056
-14.451471598377225
-19.410266776627907
6.558594111355204
13.539421849312813
-37.35110694948793
8.386981764918799
10.072464298613397
28.01267510751075
-5.2889744226739035
18.456105490511558
8.649644744118406
-7.4313397797062075
-14.014989097567707
-0.5150720295406472
-33.638134691326
-1.684415781043981
-16.83478551216291
7.42632977660196
4.3534615343332925
-21.478892101248285
-30.180472028706326
6.362598016501124
-32.74585735171553
-12.262295540689252
-6.8998369022354495
20.15373230530247
4.446941871845695
-10.556382434268016
-6.91323838012505
11.565027234494211
-15.21934131215312
12.966468134442264
35.605327875719354
-18.494689945624657
9.233899956376037
5.60765894256474
-19.7339657709112
-7.333398308873483
0.2342667323350156
4.154056331894765
3.027481516394801
17.353420636038493
15.498988019239393
0.42693007952254897
-8.379601012079604
-10.461882110466263
-23.976750182231804
-10.351298466230046
15.955945378727732
-5.010083437401079
26.727130423008475
-20.842918306749997
11.193450195523496
10.647251987248637
-24.708046614500013
-7.4746790986235405
-3.674227250926037
-8.945428846777133
-7.951246720933909
-2.5159274598104844
-15.784465462683272
-21.86253009626529
-16.336465115224655
-0.4180302991749159
-2.99259374365937
3.612624736347811
-0.613355383443718
-11.521578754081304
17.501509296272847
27.946251701019836
-24.23530135738389
-26.910130425996787
-13.06712320665275
-7.685204023939492
5.130949763768854
-2.7256390300239564
-10.82668893712082
5.581740526725866
-11.398791710968055
12.109741475680947
-25.374407148281588
21.785268231691244
-0.4281098024168841
-22.233195551549787
6.287212102763307
2.913365133102957
8.858479774798413
-34.37707168860055
4.117222794630891
-12.631360418784823
19.24116573580318
33.140942259352755
-28.863903194080702
26.527738221122718
9.426640257818915
-21.351505177388557
-15.507754467933012
30.24982428945941
12.016131254154857
-28.303910382858128
-5.254822813379292
9.195147670791812
22.42962014691648
-20.23150790175765
3.255524252454848
3.5201570157439046
9.895914172803261
-28.079655192842488
-2.2915530529375587
-13.97091617496375
19.55722256624995
14.49803660204907
-17.870226010839414
-13.073879725505266
-6.930361656997718
-14.99180996347701
3.1074455309891964
-9.091824658436565
14.435229890221196
7.243242010067661
-2.0681192120642318
-13.006738006308124
-26.42144401042191
10.458064400826627
-15.115512658859586
-20.02119033087132
-2.8046237788545905
-13.644884203628012
-5.423145596525386
-14.8464805695412
-27.549288130514068
-3.780390171131103
-22.531200013256296
14.05701104057914
24.191320320885442
6.715955012221457
-15.270117742507525
-5.574093572675565
39.03902487147991
-34.90651810221851
-6.214640744014616
1.4484012080470166
34.28713488951291
-15.021364321759336
13.990937089936097
35.3544196337225
17.243836937436072
13.043342408465035
-31.68716628544627
26.81553612562777
-18.13864653572358
-10.698119875560906
4.838303440869879
-6.632940092180946
-0.01720520942899384
29.207891610060763
6.120762240150497
-3.324121347740516
-42.43631133258924
-26.23711260498857
-0.15330299579096618
-6.084505982606514
-9.184079047268538
27.252991827221308
11.15628452166982
-7.657787899863763
-14.402834211944535
3.2405363046292455
-0.3919147007021593
-21.29456840805045
1.9103179364122982
26.8840610015165
6.667071944153804
26.781015816746503
12.079429676865402
-13.77876366731806
15.04044505041304
-43.78472334882173
6.223987053560791
20.784637302366832
-8.913297634063781
-7.262162316020124
32.29584527120335
-8.065617233978513
29.27790268642343
-9.927717197388006
23.08429143830403
15.88215317729009
-13.057261400657806
9.02874197806432
-4.659047765416176
-41.250302390777335
0.9984885684039
-16.993016180897538
-14.050213312863493
-1.7192746550368838
27.405009387085446
-4.527650936770328
-0.25629704308914825
18.299515742497988
-15.992441658168671
-6.8524233162228825
-10.674886313113175
5.731879205327232
6.926299250633748
-22.89871464182653
-14.058888620580662
2.4846261753965564
-12.320788121032765
-10.991698777758243
48.60920669075608
-6.482119889229749
-2.271686176185142
6.472772372602493
-8.99736616291625
12.847547326725476
-25.699964656077046
-3.543813205184392
27.489821523927844
-6.11492967941939
-18.571126919071105
-27.240292018203434
-4.7915883508691754
-4.462207863331456
7.7866280344641154
8.25951988736557
-0.8821521084360029
9.142391204864909
-10.776566923568792
15.001822495889714
-28.918915576574758
8.288996623288085
-10.806154535851247
-7.5198664629743925
-8.720856138021247
20.13827379804127
6.827760037554982
0.1481858714196278
-5.169905420931059
14.015952031882081
6.687485353509487
2.138450683110364
-7.102632006341366
2.213373266153553
6.213404113797309
2.118795025167969
-18.060478303173113
26.28817980132192
17.044707830251017
1.7842917199252497
19.624630599080433
0.8273196769607694
-20.683366673116094
12.227560838397038
4.365939416330549
16.947324986553213
-22.91152007954412
-1.1400374921656748
-2.4808022992039014
-2.8729607907959576
13.20954308424234
12.472741367290382
-25.18519696246193
24.394989846454
9.487731630350368
-4.687972045097979
7.989182753890248
7.911836364010924
5.49900843733144
5.17305446134236
23.759427665479564
14.481725355947221
-28.336323684527144
-4.2495068163346446
8.419192587333214
0.6916182135260556
18.434619456841915
-40.44206043231787
13.897828186035554
-7.772095257819957
-44.112855726786336
22.415680003205466
-28.64226657362616
-8.312275123064353
12.648222911600671
54.2448097461405
-12.804744662921848
-21.627642411303555
-11.872018753487225
2.165586264853516
-20.3757926315065
-37.113062130210146
29.53700170390016
-8.952053259999841
-8.290899976868843
3.987871589973452
-15.447619126850155
26.965394075553604
17.755658847039967
-17.781650508100764
-15.853913793048319
-20.62944703562186
-7.284610589897626
-7.450858442098705
4.4115461364193616
-19.71659089675165
-11.152255600627484
6.829604669333207
21.219565070620085
3.4481559632820904
-6.1615328509763
2.3816589653624187
8.089407873606094
16.925848505968588
12.207075765039122
-6.11264076366956
-5.915198126353174
-16.506495069559776
14.050936630876322
-8.202451093541582
13.057576998186619
6.963684474973206
2.242037840194712
7.977757621423279
-36.41613601054229
0.5698634510492866
-24.96688996118945
-10.02511752464983
4.843876918921411
4.638179119432209
-0.5921459180387956
-9.54348914611984
1.9538413312277496
16.34579747073417
8.13723373236735
18.85976384308572
-14.652513968994244
-4.412605951574959
2.8944969386486155
10.357063510045007
3.3741999120752557
12.556231428263686
5.590664494447651
23.421807575310478
-4.573683567675005
25.397690983708802
-2.3775137364226566
-2.6783480328033415
-4.4612425053039155
17.733408210516924
9.15235438254399
-14.516688794837133
3.011669100984875
7.510531460928633
-29.21467447198762
-9.943271201620576
23.284489427253675
10.36275212647388
-17.179508098527606
1.2556137194417258
0.507000834576047
26.445687382339262
-10.381092157140074
5.9586080919925735
-0.8381769920761144
-10.247463686672688
-7.640317796424711
-18.70225433601405
-26.310298174540435
8.236603987142018
-23.14394315233113
-7.121137689094496
-1.4662989800577293
-4.74542029614048
-1.4486226001061482
13.36119672786458
-21.674463051182837
15.492151802212165
-12.979349132281756
1.100725157851457
1.436553375628819
24.203238574482498
-1.2381307058627726
-11.760602449882471
9.233885587135092
25.891915844859
14.61501762669036
-20.859355751794
-23.288315367771414
-13.999733921978985
-7.0538564595994435
-9.76835228184467
4.17399858438705
-11.337951156798795
14.206834561892665
-21.534575364670214
-29.394097924191442
22.117091041358318
-12.656478907513929
10.4903589330944
-18.291601967848294
31.252602206890398
6.928435006643782
-13.826593994466233
-2.0058135317196393
7.960017609475358
-18.113463281385574
3.9875047614916634
22.499901933835766
5.517263385567618
-23.712498328949145
-15.600918866627753
12.63340930875205
-5.533442982874591
23.88626006837308
5.268680026597735
-7.535753905145555
31.644789733899533
-1.8830588338680627
8.597475127112432
1.1468737546924217
7.5637146366532315
7.532725432353345
-21.5076956617566
-0.0480573898294665
-14.321502571472195
-14.351602782760324
-10.227674996918779
-7.283921306169816
-16.850832261823367
-42.90222115139722
-12.821010538636243
-9.010443305909972
17.834779452068123
5.6240671192358604
7.031417112286249
7.2005262775423935
11.353450510441803
-17.980174921923833
13.458221484785778
-23.69021366312933
-17.658671359266233
26.4198226342005
-22.790698510625763
-9.650511168715239
-43.74274611442252
-7.006059875060372
15.172352323011866
16.58012333697718
-4.194207708953627
-18.59794540845286
9.741275824704873
30.576793678182074
-20.699047956752736
0.9609446279921484
-10.218308087823461
-1.7639029496726266
-6.7991725536925856
1.7952381017869357
17.699192345730125
-33.92927406005089
-31.897585123544502
2.006434617532591
-2.965018944784788
-2.381924814770855
-15.913111724768155
28.10803462870609
8.922392948434775
5.5617742015630265
3.2334955377205006
-15.18966096588332
3.01852966789329
11.087343677117927
14.437326440743275
-4.638592710691229
0.9081348268159672
-9.902811421172034
8.388239858063685
-1.0786080109400586
3.7015743242196777
16.52568114026667
7.491831673260663
-2.9180971272974148
-47.24582391333212
2.31183893242104
-31.195840551719407
-17.708760359581163
-16.708391627486947
-14.074766154809195
-10.011946149602693
6.0832813078220624
12.485327526623793
0.13286333219139124
7.97656604966869
-17.161877836977794
0.5327549652775474
19.636220981340784
-2.221505143845661
1.1788821950656256
-12.127545732116287
1.5804020630365585
-29.724175068945843
-4.212501587219322
5.000443036485309
22.05385273322668
10.969309073580348
-16.206458105677992
10.388174290778863
1.4871810249689474
14.398793315655894
12.335408745898805
-5.148488865234299
0.15513568402104738
15.095368959157211
7.9379209279939005
5.49681063126036
7.339598425566352
12.14452642847732
-9.499566152679618
1.125046788721761
-37.09822224746085
-17.41638194178273
-25.252720958014606
0.1795791355327765
-23.402321372167364
14.971388588754964
-0.16306812438028828
-11.593419432791224
-30.510398006146264
26.329343293821353
2.3356024070916988
2.4487429430468524
-20.455646571772547
19.15310864633005
-14.333546893665698
-14.59080600492922
3.263236296733112
9.381593335204796
11.795502329399257
-24.72520553603857
8.876184382928274
9.94739204680934
-8.083415904398976
-28.565059610386186
29.05136172977234
-14.514723262443054
-19.36341672899169
-31.410798649419636
-43.39679847012104
7.6266841088101955
-11.419616715696408
-0.3916300115023432
8.094568092808345
-13.3853439420173
4.380132009027875
-8.456286361837613
-1.9893715424731797
-1.69134944795735
32.711013431431354
-18.739142004956022
42.91532699791702
-8.52741452611599
5.779110138374563
-1.345293165151929
-1.1527403308774635
8.092501947812195
11.938797955767312
19.22705332117789
5.680583422011638
21.895961882455826
-16.42127007903008
-4.490941508987929
-2.8277976827159823
23.92503544526039
14.447615495259981
10.59903113846417
-28.728226045379586
-13.280010420757947
6.168018720479496
-5.832666817276562
7.355345496762197
0.3388904938100836
-13.379859132674367
9.188829218625868
1.1165330954356705
4.336740995744549
9.138374710791084
6.1084995071717
-1.3636100473220836
0.9277728508986912
-0.06522614788838155
-11.638351968796314
-7.460395628756089
-3.9145885703051695
5.072910107657434
-1.2479721215547102
-8.03000312021345
14.33440539356866
6.531041239910338
23.201456730412698
-10.109508339185707
20.88835299520929
26.005225593221326
-26.231148463081183
-9.71992190466699
7.1598379313613805
5.599997529858911
2.8492351049983995
8.187208027517727
18.649007289490786
37.88917854515796
-22.931923604883252
10.334832782929652
-36.4481026298351
-26.166990881124832
-14.046748135099392
8.192265709179651
29.164981030579163
3.753602720657
12.886882303164613
-41.51803829855089
32.8851656625485
-28.64451128856336
21.971686784969734
-1.3557578945719797
50.132976341202145
-10.064557749833398
-32.07409464665881
18.56321667848169
-51.487081070132724
2.850513603772697
-8.676663813020866
-4.478535213946144
1.1996010860060549
-9.586575615260074
3.7288245968456977
-15.624424041086796
-11.268975272223713
-29.37679273775785
0.6456236070032446
-28.90166892506357
-6.693683412390271
-37.934955978256475
6.430026636046705
-17.16984138629317
10.803400343029123
-7.221762474052923
-25.070767461894373
-29.84372103596485
-14.467640482879972
-13.714121083510635
24.255731266934053
-3.5023623949248304
-14.399251389767358
1.73506747992883
0.9063535267447378
12.9966769038532
-4.204951637609042
4.9682692244744535
-7.56226792043276
-4.433811229735851
-11.19391623352027
1.6687698813217366
0.9113164257579456
-26.934975215899787
15.488901878991784
4.376793974028828
-10.128730289488658
-16.35565124589408
-22.98777951920755
14.61146430142128
-3.806801386681229
-31.32746393426231
-17.620506296179602
3.7206526505008237
-3.911648298154887
13.60464604824881
5.752153382020197
1.3781391432083865
15.262011659293305
10.29454501365592
0.07414014645712541
-5.143039021500102
-10.770090855959268
-2.9800490070367123
-0.3463908758179741
-27.08847282153118
-5.249575736152451
10.068546009391412
-9.66297399426736
-12.281122609436808
21.314707327616414
-40.530348087917844
-1.8718734130649184
17.62106031261743
-11.868858609237973
-16.73553708976107
-1.6826745524937223
8.883338455934679
2.9128383501100643
23.80162425364506
19.17278347757565
-22.30696397141384
-3.8159583607101695
1.2974652366440296
4.758610179183505
-5.730843106070778
-19.075094145323703
-4.094266289646839
18.549297474407467
6.486804239879461
12.440252168702385
-18.096366645880323
-5.2716266228940185
-2.283382969895684
-5.8579292219745875
-12.719257298940988
11.499494983362295
-0.988576767300799
-19.777088573150078
-6.1976458389423215
-13.108750920310909
-5.124495724139592
-2.8864873007647702
-9.500874946609144
16.855639445823268
-11.246173716136868
33.64367015777748
-12.996935101893255
-57.03932509425789
-25.261740647845212
15.404456063275802
-20.453148314051358
-13.867399301848707
-12.34173766659592
-8.330941517567737
-46.83332326719648
4.182161890975806
-14.537606741499133
-18.303086808970026
-0.013584617278297628
38.75726068494856
3.8940196972597514
-1.4431658644614345
25.50461546500742
-20.98794346690687
9.149942070480733
-1.077599319515116
-12.679857056952756
-9.942147940172731
20.123851498416684
-6.287357918713327
1.8399038369344112
-7.799823632184143
-14.007122843386753
1.0384689475586129
1.7212573489097736
26.44854224082633
-24.51045689590711
-12.326008003949196
11.372217601178365
-37.11514670110984
11.092279045805183
39.09642056925588
1.1724018969280223
-8.18326768549531
-2.9422448796888148
-1.9958081311111189
4.266479783657928
22.374750239373387
-14.214924740442314
7.8975404827453985
14.712189839070561
9.89157301949183
15.45414309168052
11.570788807661073
-7.573354857492517
5.808919721274152
17.370472189003976
2.0456702459612193
-23.201023303515854
-15.660559639798295
4.567367473961667
-20.86069678276397
3.3842609325361077
-41.08878576024336
-7.335234499647073
-9.609656704091606
7.028987615119148
-5.610869615858803
0.01090289471324013
-17.908965831244075
-9.479068586818244
-23.32761722580193
10.49387091881465
23.29869459034865
-18.749484366314846
-16.486386899923954
6.497010484157728
4.478567243566887
23.576503619010797
15.684928745110824
5.421357699573036
2.0144885324040733
-10.836035483396186
-16.315230210597065
-9.645595000389108
16.583370091541724
-3.1175019986534953
-6.325917509418844
5.848066350490285
13.097960257570437
-7.431902819208915
19.87407507066598
-26.07384526003517
4.979007365034477
9.681884895554504
8.125361329778798
-2.0388664485438426
4.546103654274702
3.766624723563723
2.3604043446979404
30.97564293647815
10.288473639356424
9.080177299654565
-8.99336060260748
14.578919904149304
36.867913449665366
11.249905623969426
-4.581294273587787
7.269318312338555
-5.635095342379997
-1.0914090935539775
-2.721342367794477
-5.6423449153932665
2.972719342179289
-21.942984368038253
1.1863139553547626
-2.006209896332166
14.623426387012387
6.242291442942133
-14.633272267350776
14.55137890837841
8.61276034118805
4.518752247220277
12.195131864445898
-19.26440192576382
-11.437429072842574
12.664914350219192
-21.017245331605466
-2.4597928668294458
12.775283777868594
28.11920510418349
-12.953679050863455
-7.212429232966087
-13.133682911680012
34.86978968752453
7.048778462887868
-11.708842686083358
19.19249554064095
27.085421215207592
18.633696184041753
20.54582198316757
31.96198747087237
-4.0541794673249
0.6762406364559865
-13.19966380080973
10.135738451563725
-4.138376009313788
-0.8386492042193368
-16.419386465574178
-25.76734430794085
-6.789448295123634
3.7092680438117327
-3.0699636878931638
-0.2544924618289883
41.37218299699822
-8.454754432800144
2.132154711939279
7.319055388590982
14.505592550333633
-1.6226719765177222
7.034260561997713
14.104063740422363
-9.78546515636009
-13.59918847498915
-51.18625226637352
10.511550006484754
9.920378455330706
15.263904021260714
-2.1968879710778992
-24.87080207923708
11.969968101294398
27.360458950400357
-15.931538678052734
7.991242971349378
-24.936416191393217
3.2825384229690826
-5.989612129253602
3.011642976159351
2.0031022028517778
5.6640202268416155
-15.335524127685462
16.410830937951573
15.05149530440576
-0.5173158588816023
-14.679184997152618
17.75432365634242
-6.81169425016634
1.5296549150162946
7.515480478144695
6.608316995649034
-2.3453058620868887
-15.745964291623466
2.7974360821821733
15.567802436848865
-31.961926685565057
-1.254110780127121
19.676050240307177
-0.11000094495432222
5.204884757530864
8.566046524131933
-10.926774080479104
31.79171625291383
10.854293550310103
-6.52421109736747
5.77900564435447
32.56590595908938
-11.019390944718339
16.542382981445485
22.90214278066196
35.502626710058045
16.973293438012092
15.160549259281193
-28.83981046487617
-12.407608731854054
1.3162310795166832
15.865676468657682
10.398656718792608
5.609826654020027
20.553312117523202
-26.405743212305477
-9.35838333871726
-13.688231077950606
-15.534412889328566
1.7072528859104068
25.487073292711106
-3.6058946941702734
-4.3187132208074095
16.517251539021114
26.788123035685768
20.876684448179052
9.889090712518849
-2.2299612530746917
-6.104952867465954
-10.965059820851252
30.237019369879533
-10.557060090447694
12.177940226883036
-2.303330950578584
-5.826415677489308
17.08000488782784
3.4125698881196063
5.5419117779806575
11.659663642620107
3.73222864846025
-5.371829032509254
-12.653999170630813
-12.742745745224113
18.097927445634237
-1.2332128542828968
-23.33854800381755
-2.16875577294104
-6.745029679231608
35.30816160432903
4.299481425973909
-5.271638053305821
15.523786663392173
-15.75274301423002
15.709487691933417
9.631677356383475
27.413737938251643
14.480941833143106
-8.067244188498139
-4.268169349413881
18.580781979940753
-15.518574680469046
1.9794130180537763
10.604852704217477
-12.746676251436556
-3.0375359100703463
-0.1991382810226128
2.387723345774475
-1.040888453248158
-32.784136451212305
18.886538455042114
15.444168910700796
10.191485259739352
-6.6772748228461305
-10.943207358415632
-1.6284444685783228
19.585877537642432
23.356985013168586
7.585967233805151
-12.576082079703953
-16.289241402973687
-21.939659988873416
-20.543276645720766
-8.061327378621797
9.4686206299383
-12.275947960770733
4.035233982341651
-16.80465857994301
-15.810901839058149
-4.579158021065382
-18.34094672100269
27.741191577180413
-2.8316322376290937
29.46543035729883
21.990268489730223
6.157562381488331
2.0099700652148726
16.555182670567433
-16.372322236490504
7.378875459854328
-22.9945908460748
-3.1028778721158687
21.303184564879533
18.389284504860143
6.961074842270932
-4.001816598000232
0.7986812781094272
-2.7831633019578703
-1.7985780753971312
34.57820549354801
-12.976338267601989
-7.486798317156057
-32.700073914710515
-13.611544057402284
-18.253556356480715
-27.27961501108757
-25.700001463972114
-20.18184948764264
-17.256721246649988
-2.0786746072419082
-10.997461720353728
21.942221095253444
-0.22215293337552566
-24.269547414666306
27.954652796917802
-8.673650172537236
-15.89130668746094
25.82539266436254
-2.9164146810111897
1.3006448709452345
21.18684324489004
6.552012339743327
1.9734658162614096
9.89188376792174
-3.577223911912597
-14.97002185294082
-39.80425628095081
16.537264126316074
-36.283179012715955
22.61320935873971
-16.579949906247805
2.41449265001512
13.75008392689955
6.626315411463338
-4.681652135824834
7.217589585129986
-14.340516572703507
12.804437518888335
26.433403039025173
-4.825201532667394
14.911727921048115
10.273162785686054
9.558594242496044
3.048059107901849
-16.0742544682401
-28.37171528092955
4.880886408376
3.287720979164192
-12.238678838175757
25.086394076705407
-30.55204008623167
9.556555680984617
-3.313103139328689
0.6390724799745726
6.646737614158383
-0.10309712742116517
6.234826837108699
16.96652224418051
-10.135157105056749
6.8358904434113015
6.343375968203361
12.883397797498901
-6.31402815863953
-34.19050390693138
17.806670006907325
-18.295553322037502
-18.884943249691673
-7.8319923163173835
28.93563545181973
23.944794775965534
2.481463556126414
-10.302428616289433
2.8182644192577304
11.715109953029016
-9.36116184205764
-16.594787253374818
-4.676225798650421
-22.7856144255897
-7.038093646712128
22.92264970529948
-14.246362004000671
-31.064056354481355
-21.12438000938795
-9.831883136658632
28.178322205876214
33.21495151071929
-2.8794728129889786
4.946370766896847
-15.481064043785352
-18.63095561358756
15.793655106181063
-21.560676381310767
12.39179522202096
18.396615415019934
-11.687581609082029
9.955589478414025
14.991446680918555
25.474961888097482
3.548132872343899
-11.445802994997337
-6.4072590216771355
6.251946010477866
-18.267113648096934
33.05959187432813
-19.778938354906014
1.1321125073657186
-4.857955536531222
-6.2328740527592
-43.531241659761285
-9.078750021489668
36.10713673186001
4.234726540778581
4.686090441565966
-16.682967538186006
-5.84706435174752
7.526579875702964
3.0836570159480066
-14.403465711994444
29.46168054761017
-31.600131524151486
8.28152740597318
4.844183038484289
-19.908667855538113
-2.682596190454433
-1.3683179007415447
-17.517307690989867
11.960713375674914
-9.559502877195996
22.170263558468946
7.062575733936911
-8.608372746180862
14.823054070736248
-36.18853948595057
-0.6698219203922235
26.170628259337946
1.9386150545682312
5.210332090205156
-21.025046618338195
-11.147585474851725
7.3884058029061634
51.36421736029644
24.38779153456676
3.290257777205909
1.7650001768556083
-19.00731865344068
-13.118568831875848
-13.542222487793426
22.212015092247047
4.236102864436077
-3.0821106529383533
7.0472547588298085
8.14971647210416
-6.129885992000936
2.4285174933438607
-26.922994533693494
-19.673681117439344
-9.083943134050626
-1.7204273387482658
0.5151903270167395
24.427631326956888
-3.401900357311092
-31.33679368503903
5.933270306807799
-1.2254109037675107
-13.062633182095453
-30.655602721275443
-16.72846228658176
21.579335615937108
27.05483062082948
14.871445103450467
16.687505054195867
-11.88474882656584
-17.687279998338173
13.027415599119024
8.345819547461929
9.966202866512843
2.7990408480438305
11.911596092609784
14.929183926072824
35.478877245078365
-6.187169750955093
20.683961988292367
-15.806964804746258
-22.644179587517048
-15.680164048869585
-19.676321335458795
3.393207018686553
-9.807055770349054
1.0618896129083737
-53.32523691087771
18.7305564987347
0.32106101484896504
-2.8838849928185373
-15.934551370059635
-10.458356133260908
-9.41912323467767
22.196519777567968
26.927067531277316
-7.003778683140353
-4.456743073679377
13.597727294329614
-22.917413348256222
31.45398774716261
5.68246266928486
3.870962371855853
1.6166173294097916
-7.485857561073432
1.9922447576020657
-0.060387190842448035
-2.7313211700864035
-13.178975006569033
-20.064779531238056
9.096768284412748
20.87338756110455
8.64379967672255
-20.60508169653275
17.726854824017888
-24.383498116018764
-18.66829816705598
-3.863348772199913
4.85936174729693
-3.734137871894404
-17.39512976891126
22.346913336782563
-4.098040428402784
7.247571110080003
-39.3839251624712
7.683959599948026
0.2842790075715129
-12.314144209413428
8.40552683929684
-12.705426282987506
25.642916215686
10.805161330549026
-12.669483643901627
-8.196357513061116
11.329316703424293
-43.53701510785624
-29.31944559709973
-2.9776637087518907
5.854815465527282
-13.492207675511393
-13.21997162889869
23.003200512532548
7.7809644843724755
-10.183292308494572
4.047392868140946
-1.847148718249912
15.275269390474875
-14.093087820148584
10.021516642697518
7.523651788801317
16.330905692311543
26.539672228614112
-7.457182548712808
-21.733488203171483
11.469455003270467
16.19195356896529
-21.18913854369265
-0.4610430762351712
33.347656373118525
-1.9446791722955368
24.53000522578498
9.120503141488939
9.719919404063432
-6.737729126295335
14.723329251637326
-17.945894274018656
-6.4310856514167645
-5.979971037867812
-16.807823576576368
17.291800335717312
14.813136749498199
15.10451662782964
-2.857051717565753
-4.600897624700224
-1.3632768730360567
-4.720726264317591
2.426100320864464
-7.380955009545063
-2.924596993320506
-22.7934726559227
-7.594941250150953
-55.65844797543122
4.912272865758722
10.643985093978586
-10.760558283783157
5.687574192040528
31.1604028142915
5.799287127770243
11.426807929849133
1.65109771515381
5.988355355019393
17.29745195857493
-5.981664489747232
-8.54842990176553
-0.59599525599549
16.18495249210048
26.690430607826446
12.000418670620661
8.613490520198184
20.85537867004905
18.312166325885414
6.06395866808964
-18.199814778936968
-14.866212928701598
14.897142737845686
-5.690954143026942
-1.1695950227701817
-18.28243578827579
-4.6623144249351745
25.111227415231948
12.952255738095571
-4.010179994447526
5.367495026090068
-4.719586321825262
-6.791899784920304
-4.6123343995813
-10.464791440554675
-3.0194409037175087
6.701743471646182
18.593229820758093
-3.133572983283216
23.445406209125732
12.988688129642696
18.6548709765176
18.505921071048423
10.837283904701962
19.131484313825524
11.860357249592653
-17.895005752062787
20.539585611053667
-49.531532208275785
6.45994845739915
-30.49960965949845
19.40942887916981
26.37175357871365
1.5508217723428857
-14.256783097112304
-12.593971395407946
-24.379748942179898
-15.248098678219492
28.67109491210556
4.269384323614872
3.020159004443485
9.88256619994229
8.724034781524098
-5.610121233370592
0.6477872181937414
22.00517580380415
-8.888607218278594
22.89309117754283
12.187111072872653
-2.685482964108246
-17.229186248574422
10.551018319530442
-4.810100645821648
-4.9611558111511735
-10.875918000175488
-10.934155387994394
1.4729200813136458
5.006978529352524
11.999396774826607
9.801492317883344
-7.066433953525858
19.72771755117651
-11.343496808241696
12.090145260428812
3.8974661300519533
