averaged_values
-17.40515632056282
4.442417268368251
0.41658481711308504
4.455635259352436
-12.084956388858439
-6.570563007392127
-16.47231038581483
-15.047567533228369
-15.442791504601336
-0.22081105119846134
-4.98266451169834
17.87684093077911
-0.31591308691283765
2.9763765733651217
-3.4033247602428105
6.487763103242116
-1.3898509401517232
4.529770213492782
-8.456908221777349
-36.85194476151005
11.67822358210277
0.8731813928512565
10.048517877175096
-5.6522701261780295
6.823366902977637
11.881835618179036
23.40348414652218
-9.488275530609746
1.5331132302894388
-6.901742631652747
4.379741063015672
2.0901038146567084
6.980269023206574
2.6620827163648073
-0.41265576987777874
-0.49258886481843545
-1.012558133178402
8.197977056273453
15.345308767179802
-12.860160259115242
19.314849695675615
8.024521789304094
-7.72262547114733
-5.28040799440828
0.10633990442329382
-14.122755538654792
-5.678539866529434
9.051780589993324
-2.1499631490683897
6.931053892095974
3.070928018414122
-15.63120780016061
19.382688076774013
-4.433196778532556
8.351385799975503
31.29953016760828
16.721712003034533
20.577999541796828
2.4653337010507927
16.591989446013155
28.23418949396389
-8.719909081518642
-10.746023922343237
-9.197519698884435
-6.175854935263056
3.8672650147121432
-22.05003029812492
-21.65761080157854
-18.743677537486302
-30.580217117592166
3.5553457747374635
9.73323756145521
-0.6467977227178153
-4.147199244960291
-22.312533328362065
-2.0155937237767256
-11.701783503814625
-10.119343579434894
-5.986361866620905
22.192143919119474
-15.503101702964988
-2.815581773423105
0.5316416586394549
9.578164027554966
13.041231907989026
10.25420423867755
21.870436034266426
33.63827889532398
-13.122704805797037
-12.574087067483504
-12.75143553493383
21.92502047014573
-25.90275818712514
3.2158999903102314
-0.24095632918814563
-17.613534397990804
12.933148711820092
10.131337157603184
-1.1966731926379222
14.622011313972394
-2.5858990233887087
-16.47973457569301
11.123943158740804
-6.483044634162866
14.173224967492455
-2.5314165128492734
5.56200094845658
23.239893917558003
-18.33540791418185
9.349655508620991
-33.67208973151386
-2.587896322306972
-13.05132837207351
11.676178203652693
5.203035643222916
-15.721756152762008
-9.959734915108607
-10.164759969113334
-10.589776018980967
-7.561925891453927
-17.708955695388045
5.6333323046137025
-8.270794514904162
3.099730773269596
9.38200889938371
14.291831072947843
-10.765589131030605
-2.823757530112971
24.97274656106772
24.53755689853549
9.281517869686638
17.172000595504493
-11.875393023785671
-17.558641474217325
18.707851379430064
3.164314591997663
-29.972282130832173
-19.06398498352511
-19.92573540784455
-11.299512237665944
15.346747694084105
-21.90790199214165
-0.1938394801179923
1.8215433041560345
-10.561525999900436
6.982750164811648
27.996763603019975
6.182363334418506
-14.777145815232553
12.100610020342504
-16.79290247998166
5.907478739614146
-2.6981827516159003
8.32210708290844
-28.699570791352947
-19.590598758679356
-20.510248519290588
-9.933190353391955
-15.847442661462253
24.402955978741183
-10.144670656055586
-26.220284836244026
1.4772724143319012
-5.435449291880593
-11.305366566794111
16.512536398997543
4.332323581114201
28.71168928372157
7.713571905764764
-1.6273092086061751
11.957407351584573
19.663040185103192
-6.779080848534591
1.442333049061608
35.64459453336724
7.676301125861369
-5.11098631815687
0.40399571696440245
37.46066563418026
1.8002934658431968
14.553365859811482
4.955850913494362
4.353326583378442
12.889049555306816
5.8426923267761595
8.129107403331602
6.818774241588369
-1.444932387962763
-3.4164558212709037
-17.922036411866692
28.051968070843827
-30.980287523573452
4.590061452081625
13.293655234786353
10.050862486899689
-9.393558712859715
5.62776375607209
12.312065822140346
7.946449675410804
-5.771895383204514
-7.410327702176403
-9.653015451137389
12.060369036150291
7.241359297515191
3.0871123917069783
-1.8942281842117041
34.82734386636482
-9.686439585510323
-3.494442910781788
-5.8568435909393655
2.9029739885580286
-0.8430856283563115
-20.713122360110322
-11.820169017974365
-1.5652812709232646
8.62671362268794
-8.618877992811235
-2.377894667375608
6.1586602218371125
-8.48950169832673
0.8323857152033156
3.844827033078616
-3.1388532813043524
28.20273241216728
-27.708735435629183
-2.344034077477295
-7.387707219089634
15.388802023461768
10.75727644640142
-1.7094706298072082
14.20463372751376
18.861409870542776
-16.634988207841673
8.564001850720548
17.64781678434922
9.434533320094772
6.778643970989753
10.996847163331143
2.1604866181835063
-0.5143212298470756
-5.9485335371139625
5.417582005727434
-17.858217033298068
4.040522602987176
3.3915448872499616
-12.895749909555638
21.852520509131296
28.388598731189848
-12.981251348231524
11.23311376344509
5.318543182133022
-15.153798313938205
0.9277574411092588
14.085777323598858
11.841772809960935
-4.016839074739653
15.540134226003113
36.29984253246465
-7.604889127571528
19.736040001337507
22.418671286629355
-12.930066083003794
-11.98754771337201
14.639315215650333
9.052592321469797
-0.811410257637317
17.77610089779721
9.550843579308435
8.94334240980985
15.814617843253336
-29.781363565840458
7.696896192290763
14.43982526522053
-5.389573108106947
12.057279436666443
-24.517230486913732
-4.201325414047642
-3.2327399741315164
-11.718754312383101
14.24071506599771
-13.396343703932848
4.727286592693451
13.373962219141685
2.276805355496026
0.4226284895910112
15.999500680810637
21.57141612149328
25.592984281492544
10.406052741331823
5.2176283205710545
-25.164801642292513
22.29148203432205
15.033384142604643
3.473533513933887
-6.4366945834068705
3.858553338903255
-6.978561869388545
2.5029960092890517
21.184106366903382
-9.215461756692969
-13.971036192493807
1.9507120627547123
-24.566773187905586
13.394696030061686
26.747926310314902
-7.8540169189795055
6.9167442366636696
6.134527196092097
-6.100048945424305
11.408694325648515
-8.67592426660301
10.077172512994286
15.560922785748039
16.90072869628989
-16.567220280400683
2.9354897322421265
5.177289143632106
-5.599602244693075
-10.912497892608133
32.593495480411846
20.80061388199325
23.424085367854662
4.712847595625351
11.819087513945192
-0.46075485675197586
-0.23885641579835237
-11.384256362608483
-17.19929123479501
-8.990758974029074
-8.162251976364905
-34.060009165101164
-7.141997958639854
-26.169832610392984
5.418096731087689
-19.908433863644394
14.828446922850276
-34.92639554807157
-1.5416794936189377
4.489899296087549
-6.875741529143342
-15.977068221789455
0.265814937324126
-9.679946187717245
17.75104012181947
2.854525701434784
-15.89096287877046
3.8234885150503146
-17.871602231481326
-9.817344192271083
-14.027798385197286
6.991738773314262
29.95053999414099
-6.7001374766725235
7.549367370412836
-7.355994188177317
-14.609855838082604
-10.501956671846756
-21.344916818598016
3.6122578825893354
-13.40644292734935
-2.010379887176339
-12.145231148031973
-8.442170635728711
-9.133661352073409
11.603091768544482
-16.92229794173652
-3.2193285993218184
-14.372941618164248
2.844995426088701
-8.957598805391433
9.827780886863616
-7.630936407208537
22.62153269991695
13.191672144671543
-4.611753763803529
-17.2575435624933
28.1245473253937
29.374544430669914
-9.741308866198608
-5.535656865451744
-30.953862306825624
2.5572903546200787
-9.363073832641089
3.3283673685272332
-12.161277941316929
-6.694960845506637
9.043826175150503
-14.219985453323227
7.509696020388435
-2.0707410533405666
-2.5782822165165156
-14.901303721028455
-3.8156099597932895
-15.850486279620906
-1.6199962414946754
7.910122052596864
-17.01876042160719
-0.22547693674386
-13.518373571114557
-11.997614252281812
10.421591131833498
-6.640576628666986
5.630413530587998
4.0654364763869015
-18.906406010904902
-8.165212310916866
-16.647603748626796
14.571984899721372
7.3529823311886044
-19.061072666798726
20.348334962324305
-9.566651669416297
10.914343301259294
-16.761514928442885
-9.511312803325108
-4.790821748449195
-7.882733308050433
-17.0562844569915
28.422755929866764
8.940595734574481
-25.341576843715426
30.50760954268252
-10.997802062636548
-14.35660433037907
-15.249518421032406
-11.421563537963436
11.943773090071886
-25.995919479316694
-25.666398904917752
0.6098001309415737
1.5876970234576333
-27.140464739080187
14.496390657873757
30.504854001571754
-11.485475057653947
4.776103634572553
-27.681526885366782
-0.17381917184006834
12.298432227293109
-27.210896410869804
-8.217759218446655
-1.6822199074283162
-9.13392920293013
-13.342078242261357
-24.344021962890462
15.43055061781322
6.378336278337724
0.2999735555128269
-4.6366696228157025
-30.550743332532317
-5.392816242114566
44.57351981449805
9.871663126332896
-22.925137162104612
-16.179599512012476
5.050461059634233
-12.770988719309912
6.028220183703672
7.599593772376261
8.284465773002443
10.851091466384911
6.922056179695869
10.887032862940895
-3.272937659298395
-8.935475387623137
3.4122216443875004
11.520401707529924
1.0841756425790323
33.87485167368683
-7.2912884000634675
25.778977287173085
5.86402077969376
-4.209364348369843
-15.567520100508181
-5.985354843032928
0.5893398541969986
16.55773771541924
-3.749697319906397
-13.19911239039168
-2.411400522368308
17.16295472463628
-11.792166460558587
-13.474725719874678
-14.40953519423017
8.38544800952543
-22.860239268901307
6.247594378614679
9.256644848403322
-20.312999381553844
1.4728540235676746
-0.23076141257854488
-10.052261108405514
10.654773269427029
-1.6535957964058752
-15.385807005680658
-12.955001153482055
28.827605914779998
12.164785546967687
-1.11668056677471
30.083253561250967
8.990771094917058
0.9515401686051519
-6.353877374964599
11.036405090664505
9.174429044409374
10.111355026531191
9.195771492859285
5.923120847980385
-19.135326834963667
-12.76853743391448
-20.965833072693876
14.29315430673979
1.01046253153786
18.877094842646557
8.888838675956288
20.490475011150274
2.029727924743747
-18.3882412439355
-14.119757772978437
2.7874893097146014
-13.974446931410137
22.90222073800432
-2.9944256884853075
-6.392579067466261
15.41855943681919
-9.765569968431373
41.635432727136525
12.607939014963005
4.960419868647182
14.30160970882613
19.171171318798077
13.887751403364666
9.193289622287455
-26.04153879915043
20.409995033783844
22.85749281995611
-19.989061206524944
21.537218938057823
16.73376905339985
-1.314328457191823
2.7198208731203293
11.52220327937341
2.193666211579432
-32.35125953749916
-8.38853072860652
-7.81608125813923
-8.052583619426184
-22.19166706211979
6.3063922829977965
4.253827422185589
-27.319399168500716
9.920583537538937
-0.8748250105064468
20.469141042378396
-14.55198714320278
19.676670408200767
20.222439560692283
-2.2381588171691194
19.19814812429189
-14.317036922108082
-23.296396239408704
4.159881970009712
-2.946737518113321
-1.5096338113093566
22.37624727369222
-1.4878039425060592
12.210410803057801
24.688490870943212
-1.5901458959787647
-3.1883882427908135
7.076967110128498
4.632652460955216
-14.100387798156486
-24.93016908493515
5.577882952325058
12.874591224647656
2.2646103814230623
4.8319907527994586
18.65336528560357
8.63152876423626
-9.74375377289623
-3.673552345510598
-12.301916533077735
7.319730207795328
-8.21009727105594
-0.6407023596935915
2.261135654172449
-22.96112865678259
-3.6067064231098014
-0.7519423726085392
14.93254635116126
-0.32092856574009837
3.8051749039884157
9.201001411794175
18.550609649859645
-4.22552321093176
-13.383769724536739
-15.594029356321311
10.768721469666866
12.4529756126851
-29.853620159016906
3.157208593968232
13.583715967449029
24.70836063913324
-2.4320211832183984
18.73800808929292
6.3201120697425495
-3.775172204437922
-7.842783524822221
-2.5148558151000655
-31.864101713029164
-1.017778986504652
-12.826358824019133
5.135902993079742
9.394464366295528
-17.544175213436006
-28.691766686791937
4.217182405396886
-30.69879707190439
-9.97800372963693
-3.2351282381345983
21.9694436699805
3.7235569035773666
-13.557333292443513
-4.634473794497512
5.338884244622943
-22.916071004406014
8.592408550906441
26.341863297881115
-12.25187295322013
6.92463244254102
2.9616807875383415
-13.336597693781062
-3.203203284152346
3.6014156383520683
5.227429106507861
2.942470482381748
18.693693676969644
15.77100168668303
-3.0576631821505997
-8.287683134321004
-13.99488316250912
-26.954710269573525
-7.86875468859256
7.374397739001381
-4.733464320501502
21.347373912282354
-23.699282989421214
5.029728138449025
10.212342142985017
-18.11367071249085
-3.6914119341628746
-1.144552671014992
-6.92870174418365
-9.491517545031183
-4.060987851921402
-13.440593739825989
-10.116028666155376
-7.638047216014809
-4.885032635739515
-4.151251756917736
8.053823856623046
-0.14908822698218954
-10.696145938507005
13.19791947333481
31.192829375334234
-21.921046335090445
-21.325458403041704
-14.064429624576348
-7.287209161923966
-0.8107055055220712
-1.2244789111598382
-1.8163416083324364
0.6226386557309979
-11.898230914280282
14.209252657026706
-15.098609401635509
14.834562553637863
-0.31628551633676816
-26.52301845715158
12.097346949991845
-4.391519753210434
2.3018127686610574
-26.835048430734425
7.572842097651323
-10.431470218308903
15.020521162559863
27.49105871144319
-26.942801229131362
19.95937220774805
2.3478261027356777
-17.154650124782528
-9.492066728798942
28.96837526153114
14.230510338580757
-29.995562342493702
-5.647364486037088
10.193988574579953
20.785422921998407
-15.49337390155173
1.1037208644844214
6.7429679617763325
7.967390511107681
-20.12901377483148
-0.18898675196205658
-10.399029129642248
15.245456896514213
9.099603888476087
-16.089191287006418
-4.524383262604148
-7.172331421312333
-13.755375271311948
4.281934409221674
-6.079660070032571
17.595799638492146
2.719885019123717
1.027048006744144
-8.711628778699241
-27.982299780331903
15.507515828874034
-11.491957241943215
-17.161976859374384
-2.2638573484314066
-10.303474681095588
-0.3243089317723273
-17.363283236730194
-26.803372054290993
5.274879750953562
-15.260360613868011
6.894232188287527
19.31273185840123
1.693829757838921
-8.7201426017073
-12.1472875906863
31.00705208723441
-27.3101216639339
-1.1208682374547494
4.422687516721385
29.285289010116195
-18.50199335492558
7.954907615786783
32.98072234335996
16.523332768142144
18.602529279262228
-21.949043107899083
23.84835924211586
-13.710068894693062
-9.501490040558782
2.982527564932343
-4.321796591618079
1.1473436187310768
35.24537337844498
7.41466208051005
-4.121961378361038
-36.51074862248636
-24.19742717349477
4.735838675305104
-7.05451655367425
-11.226173831736798
20.905624262635705
6.466884479331009
-7.701535443766204
-16.975112612463043
4.473903380358957
-2.606599139336198
-18.756147686785333
-0.14299920190704807
25.58121958229599
-0.855933770102763
19.229891702254612
4.338072068730969
-8.02012607689046
11.807351699189951
-38.60783955302439
6.150839695182446
15.475664490552868
-9.807166844778374
-2.740225181009566
31.653017503026263
-3.1934985322335137
21.164431446546313
-9.750766815078737
19.98598744659041
19.19161282911299
-18.735704540696794
7.744102631969213
-3.5951341783686077
-33.618535688489956
-0.6376045305407843
-12.423726326599706
-14.851662202994806
2.4318619849086303
23.48599028611368
-5.198523081018595
-3.420805572196708
15.651634077070401
-11.712231518670444
-4.360177700051452
-12.035308270201403
-4.75828351288277
7.57470586749223
-19.271974560017973
-12.597784361108472
-2.4063738590895127
-12.805915374417918
-5.8029127410793535
44.25069761487025
-4.792515610813029
-1.3674583038279706
7.446947951081495
-12.17179357231313
8.257551634824495
-20.496072931424692
-5.336904032945881
23.803421564890595
-6.728909881565516
-16.654240618778477
-19.46043174729399
-5.62762121098267
-5.708889059183127
-1.854080621025752
10.225218392532224
-3.840664097466322
2.9442866281391504
-15.136733612761509
15.252514072204724
-25.87249496710016
2.388679685048453
-9.12232221885498
-11.157354675751003
-4.652866481135641
15.523600385863187
5.762529010919456
-5.470395199259565
-2.349278688990137
14.065630083505244
3.3769146935410506
7.8680126866530715
-8.406698307158786
2.2116710110923465
3.743263541889894
0.9472732045985822
-18.229754316002197
23.742039340467386
20.00081575102397
-5.845597753797984
19.30856722578752
0.2834110694120454
-26.26863560279063
9.428720615371379
0.005511702335559398
7.4600218170897845
-16.81735402024932
-5.346488739067229
-4.892229527509619
1.5374059780750826
9.261671064588745
7.6043996072141
-23.946652010817367
16.90171061381534
1.3723304984161586
-4.276560370712128
9.302063070964651
9.309288132744962
-2.3660176044557604
3.7083191467936785
24.35302635386797
8.655975603991976
-24.970044843209074
2.6098284762807338
8.102581215773602
4.655933643740082
17.84515484463651
-36.926209938834816
6.214054597919994
-2.8938059618725447
-39.011637295790685
19.75008549165193
-16.43799386468776
-6.166890854444216
13.094340236333768
43.390995491077604
-13.471448983333824
-25.98662490123536
-11.879018378078944
3.2614280473427812
-10.631424802653521
-29.167898353904377
25.81616649151532
-14.871742892596899
1.3530193188811495
1.0616699885273764
-14.477853225140404
18.474442868851348
16.73036058559386
-10.227740214111748
-14.682859037499918
-9.870581653215629
-13.60674519661992
-8.513023957912958
-2.8289922047880056
-21.9419156117346
-7.501547675072016
2.320625377324711
11.750332761383559
11.13359257515907
-8.11046558651302
8.222563900708815
2.4915578750236707
8.502533421344879
17.318600071858633
-9.609839149611139
-7.505940660723331
-15.208263263069455
13.765893354600177
-3.629351581027356
6.6277556378069225
3.41478339636476
0.10360972951081067
5.111860213002137
-31.44582287582432
-2.2870827509040965
-18.820080306854425
-4.399215605957522
-0.09976968341851462
7.784555154748579
-3.6409434887771908
-5.575021460654318
0.9176649950543265
11.689803511716423
-0.003326344960385086
11.125282031419705
-13.328385679499126
-12.125005841930511
3.0751955420690136
8.317908805310584
2.5767140624699776
14.018726876439711
2.3553682461833314
22.050136241020503
-3.1505471939738188
22.796600640382884
4.780748727601088
4.538913934383549
-1.7172514884904218
11.240895001791875
6.82987999111059
-16.98371464223435
4.045088029640306
6.987266322540734
-28.756152171558064
-5.426746196102272
17.93512845395562
10.43924617642349
-14.146049097575474
-2.9119543739953313
-5.439630786340251
29.283206707457293
-10.75724215243373
5.036485060558152
-2.7586223912631906
-9.440427573840804
-8.596276775600439
-6.133886781852743
-18.76257992182376
9.02868051167792
-16.71176610339478
-4.1518776080846465
1.1317637767579527
-1.6014398815883624
2.8642950995090812
12.159768607147555
-21.65791986308859
18.650180964401603
-6.525897331361409
-4.759020441377151
-0.21148568177990223
26.651661681870063
-4.993216044692417
-9.606683827765165
10.224615314186883
25.30591568260261
8.879930908488348
-13.348471772483766
-19.553107963279672
-20.358622620742132
-7.100695583479205
-7.5719557874708245
7.293935248629737
-17.27230286012467
15.206741856722749
-25.464334417541284
-20.142798700193158
18.928803459823495
-18.523664609148874
10.798777110162087
-13.03794173271557
29.53245442527891
0.33319408734225836
-8.99494995963163
3.4260711901518675
7.218821378503662
-13.637439818508891
2.1118107365171226
28.97904131793091
2.73224897378185
-15.695638946445296
-13.18681131987238
14.146548655639595
-6.837226563406136
18.32382619988265
7.645299114028546
-5.194254360251692
31.301798526773062
-10.114034576958783
10.917281066216423
2.0145018875434517
0.7793597772914385
8.871229710999263
-21.196338385460752
0.01910791491602586
-8.844625468826916
-19.210447492724416
-6.9878994384348285
-8.029467875272541
-22.072640534444577
-33.7570164209906
-9.465765192518232
-7.879844309464692
10.994628322437189
5.2680078456289605
-0.6109468034933911
2.6298347251696557
1.793765595603452
-14.79407553112278
17.232547830029613
-13.913647507243445
-13.956285999740032
21.441420547778808
-19.02974309953877
-7.904448336198516
-32.83147973168859
-8.3605647867995
11.344942745108607
7.206149062105078
-7.349799765714408
-17.016767678847895
6.294670192814533
26.204791595797438
-16.676280455306777
7.370841358472546
-8.653844055645937
-4.517775210602542
-3.2249298548267236
-1.8437828375063758
11.485937349098071
-32.75925646099038
-25.979916224071975
3.137579901803383
-6.326899525175122
-1.9769686973610532
-8.673273577665555
33.42746458305345
6.558226684235308
2.559251202681844
-2.7820740819463596
-11.725360970537144
3.880659916640559
2.576950643848033
11.043742383674362
-7.6516644660990325
0.0179764374688944
-9.790329629895234
5.5477468763240605
2.1606057637470597
-1.2405369570989933
17.600214053919284
14.636083045299847
-0.23340888131189103
-40.35727854607346
6.17891519633663
-28.96183003266532
-14.8667684128666
-14.39773991252714
-16.251154093535057
-4.16440568163996
8.994622948561073
8.04182402627074
-2.293419887315281
6.542533153648367
-15.82574766831242
1.3908884717798287
14.860876260731299
-7.606160746227715
0.03663919635973807
-6.899175630198442
-1.6448989538757701
-23.070502890831712
-4.4787025673828795
2.533249104657739
19.313170414797774
6.734489100548342
-11.283083785293547
9.833215751972261
7.3842323995275025
13.849334540751794
13.720379431526078
-12.831547181011661
-0.3997305055232914
11.985576949162304
4.278813532079641
2.857194098407524
1.3267636328267487
8.365023442046311
-6.394357739860107
1.6622888143278374
-26.530992581404952
-12.60272430061957
-27.00228101452808
-4.552738195677148
-22.958369510205294
12.544726655522174
-2.9662940377563247
-7.610841557792253
-22.866985177139885
16.71058388620504
2.681199073307698
4.849590369243697
-12.58915320580437
19.109882647888128
-17.00103796859771
-11.713650690510153
-0.48669975880643507
8.896234561102062
12.065050512410517
-20.5842969291107
8.765166737631262
6.58675097754101
-13.349207641697308
-26.587121920228732
27.758037003144363
-8.727568771819914
-18.52769733923776
-32.231283198499725
-38.671167117542744
2.662704678081866
-4.136410973375154
3.0706947101286004
7.2620611615186705
-6.6771918741026415
8.35721576051402
-4.500658217667445
-1.998400467589954
-1.3119384442609885
34.04045089958171
-15.084287364115813
37.71887578842247
-8.6386498624728
1.4420445371805273
-4.366632092291104
-1.893744831629442
6.120469015440188
2.422511497383948
13.923747074440337
1.8102681123094726
16.281886867842264
-8.962076325796351
-8.80531591299275
-4.664853571575065
23.10541563825899
18.843080337356504
13.49692379058008
-25.01264828278861
-4.008998452370497
4.18248628477295
-4.156918921900979
5.31590277075544
2.572367944124437
-15.11155642245284
2.177804828986223
-2.6460965398966207
-2.6039674824247867
14.892290552397606
4.890739332038197
-0.2712713059416501
0.9336820109777818
-0.8792234216048769
-17.110345459195024
-2.7520755099107985
-3.2907660847106284
1.3785545978260871
2.9343972098078326
-3.2702035345564697
16.079510094363343
7.030357490044492
18.973339903285588
-6.451114497668709
18.20843894318525
21.747635885925604
-24.683928241918167
-14.544576285027494
11.547593175897997
7.9368960376243765
5.481455284559547
3.021571452534533
14.623043150726868
34.29640746355544
-18.016817453616103
6.795128653400502
-31.869309495122923
-20.045994065259197
-13.368993856094392
5.913359813421766
27.53172225177808
2.436889060035207
15.922611944776941
-32.48148501406196
21.739961050755927
-21.803413056635442
16.619199945545503
-5.20769913781678
34.89364771553515
-2.2002323005745668
-27.024887806079256
13.041047096725288
-34.23036332603117
-0.3626956498795607
-5.818115441126542
-0.21182158729601475
10.10181698698384
-4.319853840281849
0.6582529166723248
-12.902648479059327
-6.637334030803584
-25.49780439974909
4.970880236305879
-25.397334461479613
-0.006339264183828064
-24.585774653484666
6.360784637176789
-15.472019608549203
11.523864353207955
-1.9856488183767282
-21.22217913442328
-23.662356674767967
-14.644950058483005
-13.229941667419087
17.882494888577913
-8.407414423545617
-8.646947639468806
-2.3881919560660547
-2.283684097741593
11.943876952077028
2.0166305178515813
10.27438680435264
-9.884071704612769
0.9880598739551146
-9.879195921747122
-5.64882422743915
2.1916422839756367
-22.133770388464416
10.636123855747428
-5.108595843041473
-10.173914689413788
-18.691318329312537
-19.548304471573978
12.05288284387583
-2.0743447890616267
-27.860942299535644
-14.477862836064867
0.19673338180641595
3.598365209118299
6.903220772720966
3.845580955541402
1.6848937148363574
7.165041497278014
5.014747836620927
2.062949455947705
-5.042165362591118
-12.613764929038075
-3.9707860636894794
4.7796033915317135
-18.772753766157457
1.3904423719855799
12.11863946099097
-4.618599164740749
-14.036733789322284
24.267206799029033
-38.55036213806854
-1.2558947919606454
25.21604612327667
-12.033432207214776
-11.498937499330475
-3.1362767228789155
2.7536317201118323
4.279820742739128
18.640271261240297
11.075811952839945
-26.174280283174777
-4.1810557819618905
3.1211346071977006
3.8070426011144947
-10.238839841863125
-15.965424504315262
-4.033886670585309
14.466822505596644
5.439614816120207
8.166032248495616
-16.41142675214461
-4.015802649410944
-6.9726450467164565
3.783009787048661
-16.102286132577603
15.381656821396769
0.7456526909705872
-22.334934053166943
-4.057668098894953
-11.762986330244326
-5.104931991432352
-0.04446960100182222
-5.4260542603343875
17.34878588663522
-7.963093483365265
28.43876680158571
-13.780190755710805
-46.935320257456986
-17.38919690638021
8.37564711619475
-19.152189531919056
-8.448408763930706
-3.6158302644035643
-7.126744287006102
-39.96704979641656
3.156300990730449
-13.889917032717005
-10.751251992698371
-1.4479138358633918
42.402755418148764
4.495558586240622
-3.2488027912680773
21.68038691284148
-20.087815488103455
2.5753687351120447
-3.9855114009784756
-15.775359045153754
-12.953905901921894
12.57974202998696
-2.701277277083375
3.7065584902069646
-7.831408838457582
-11.395668960942533
-6.997513712540001
5.487470613689015
18.86291621592478
-23.070166689120118
-10.562194146870604
9.743239001446454
-30.02265721765159
12.961781771149901
34.133635411296
-3.5929620565692857
-8.692567511145977
-11.67437510397193
-1.966571622542699
-2.1999564990383873
16.374140360248795
-8.1520899608033
1.3143500336524994
13.995929589646721
14.188190786955385
12.31641040257631
15.560512055021775
-10.449402317699901
3.045224047788429
7.411611001022061
2.6566949923409537
-17.209334506190988
-11.35871272740842
-5.191234436821617
-13.385341582747412
1.8453265148479658
-28.351432473961303
-5.439475432640132
-6.58008448096399
2.9259696757471945
-2.397690607896834
0.24734274028976425
-14.411853202475356
-19.232621736036243
-23.052962493903625
7.5883505459955245
22.697412084039264
-8.154735183052207
-12.63075144092728
8.396671433845189
6.498897612443066
24.361601555004633
16.112431275798862
1.3809030811440832
2.4495874874711605
-7.394625873464008
-21.673997498087136
-11.8583099119984
24.245090723129714
-3.7199030283833734
-0.4877433219946397
1.096432341319462
7.811615698239871
-4.524608419415472
19.590122042860493
-26.008848609927988
0.9437535549533095
9.828378574409475
4.502168455251274
8.124339140916572
9.431613405745441
-1.606930355400641
-0.8092288738325466
27.375131115181624
9.85258699763732
7.24402149937813
-2.49222392692983
14.096332654713786
28.589932987169355
7.876963884002771
-15.47019662078751
1.328082840662671
0.8841538112907419
6.64184408545143
-8.164436225938346
-1.679752121735794
-1.7508822670399922
-20.09100182869492
-3.225217221701814
-5.610460335255619
13.633997364765833
1.4692222389932907
-7.583225286251514
18.488626549897084
4.603678251294616
7.020532717114508
10.96946686459538
-18.39472729961209
-9.805865105339217
3.1612198410922474
-12.629922689821035
-2.289275598801453
2.2088354278053886
26.11302656827729
-6.939940329159856
-10.375912832537391
-12.495051912439214
27.252680904054237
5.182900902891754
-5.8938360735548825
18.818402358200878
25.2810019175884
19.08641384783732
19.06637860500698
24.765088981539783
-2.7218466571069713
7.422004795559405
-19.08322535282242
11.189466286987784
-8.82641231717572
-1.9154517225734708
-14.284638277768556
-20.058140401642333
0.051739852830712606
5.994033824053782
-9.493826896390738
2.4727070053191254
39.15160012627878
-8.464258994611304
2.5282071431893995
10.097295712457129
8.66653014828512
-2.9448954431637957
7.417650622686449
11.11032763781343
-9.01394928289027
-14.153175462893113
-39.33031511586611
5.308614046022671
10.329486884387268
10.351938590759653
-6.467177108152407
-22.517134775949103
10.388856052077006
23.525139035210895
-14.006795619762022
5.357445981787566
-22.604952861296475
6.79403109914856
0.012946143416252021
-3.7978905381829122
-6.540146530910102
6.225931311833415
-15.745865043166237
16.735348836753804
17.074695979707098
-0.4073191095478023
-14.75630841331789
17.473540548912503
-3.595835113044859
-2.949665412215654
7.383509351799967
7.341958665471156
-8.178697603529894
-17.874906392367233
4.9389268181412715
11.750950227453382
-22.06172549130209
-5.126304814569312
14.980148101183545
-3.1565701251335896
10.395370378792347
8.443539065345771
-9.013188892470453
25.78225357298095
8.2712624438278
-8.800319349413087
2.2565212138274546
21.765554632211614
-9.526242497577176
8.557597671252484
19.068527018384202
24.298080750852115
14.85399583896077
14.781163903688025
-23.96249000673324
-13.663771128677478
-5.63268666291425
18.8498148521325
8.72150700433374
1.6464977495807147
18.36318941860022
-20.417469778651697
-4.6814938080581445
-18.33770460419771
-10.804128838559928
-1.1214983250482873
21.161753439066093
-13.120684008736418
-5.723566628830406
16.11486528493206
16.949572371436307
22.39306967332602
6.727187043102411
3.321623118332684
0.790043629280774
-14.764669327112836
30.90742708034668
-7.20053490078285
16.666301750590275
0.36438169600896797
4.615332418423668
12.52678647074274
-2.2733913063722637
-1.5150722265011267
10.758773155688697
5.113782550023006
-8.286712558580678
-12.194501633467667
-9.980531091896841
7.5848737372703114
4.1693530024872985
-11.926155988394191
-3.6938129034140843
-9.086536175324387
31.371363699318568
0.9897663416191677
-4.509109550048049
20.625839033891303
-9.192917973829537
9.958955008357156
10.403750826614509
17.548541110122734
8.290200758922959
-8.174914179182087
-0.7106752797530815
14.850297449964625
-8.840083607556824
5.477069901998561
11.027558721673097
-7.382496615993569
0.3272059285391379
0.6473422383396269
2.142656177671779
-4.735953432969575
-27.570668621422804
20.31216495495547
10.028697842512212
10.834627446109698
-10.44655675290312
-2.0101773839671746
-3.9374597880572764
16.930936087507735
19.15802930590754
8.272341304001406
-19.358924428061687
-18.555892932108076
-21.80287418654716
-14.32103422109816
-3.52837408852547
14.364316157727183
-20.99288321779901
4.550430775463167
-10.51094158369392
-19.14258089058792
-12.983177959266357
-18.24840558528299
26.401572185013322
0.5200132917017186
21.3386532436508
19.264362798749577
1.9573984228016112
-0.8904792582750588
10.375784481933533
-20.404197299165844
11.410987886392617
-20.349892502289855
-3.181740452388135
20.819869826001355
13.524012669018669
1.9047182484059362
1.8016663812523235
4.985857596818368
-4.591972581609104
-4.075702275671676
27.90123283398242
-3.996708725321139
-0.03476333150720148
-18.605727139929833
-6.543284782448086
-17.725026366126087
-11.94170103298983
-20.71237936638413
-19.319800491423315
-13.47085055222998
-2.627509739732568
-7.622152244975075
20.380696383887255
0.3590995850815942
-14.88893888104127
26.116074096500178
-6.498897351273809
-6.678547272926051
23.880266136190166
-3.2654003521650568
0.27636582492621076
20.617010370581113
11.624396387919807
5.692813053618806
12.703514386057055
-3.2408408003415503
-18.105815612884395
-33.447471105914204
18.727536019254014
-30.743656134735566
24.493964217673557
-13.314499107046448
3.949115481328556
13.460984518920588
7.840760745006048
-5.433647431671863
2.79344009320065
-6.66222471513098
12.683731727362282
27.502012624352687
-9.905214585400302
19.069482764076113
6.146756966196949
5.002774023092672
0.9850788209002985
-13.85067984768233
-26.81844418510325
4.085160454533673
0.20541526487185174
-9.22152365414397
26.817532362910914
-26.513104105710557
11.123311433683886
-1.9119989783189908
4.758402130391824
-0.914503654861926
0.33869030297155406
3.8928251052470615
9.998177354940946
-6.879599871051016
9.13657571535299
9.610903270689994
10.416846142445195
-2.642081413956464
-30.75779239222502
21.074996563160802
-14.626309952457529
-23.221116177283896
-11.929458237661208
17.761626108519067
17.617112586541406
3.2314650879306326
-7.870200075001572
-0.17834551763403397
7.049047443676886
-9.307108163248085
-17.006793867536352
-6.361664233885835
-17.175211490927403
-4.818912629716555
16.549395388689767
-14.721021809336742
-21.430930984616747
-21.325251965970118
-7.736884384680957
33.22962862943717
29.267309801256715
-9.485356418337322
0.6147087009939124
-14.772069471697364
-10.194061355965449
16.702896489507168
-16.503714028713944
9.261119613109873
9.424037214110115
-11.316017097081271
0.9248173139363184
11.713584488289438
24.38479993355752
2.4710599619668643
-9.70193674731712
-2.216742795731693
8.646381884419828
-20.62605763011438
26.433178214364613
-23.296371682509914
-1.5123610693168188
-5.799359207005807
-3.1370580552126284
-35.19489856502408
-10.296302996432507
29.778401596101013
6.774319191103655
5.696416151501717
-13.946721970588566
0.6580569782350267
4.137942600735835
-2.9350117391229786
-12.447021027012614
22.10367459263365
-35.858056674710326
3.3272146577385344
8.695936848922974
-18.677550100164876
-5.518823364953482
-5.342184606216961
-13.980505995674026
8.104956492173745
-15.399182575780765
16.69254089407094
3.6529459304846568
-10.327213082884066
9.389062557395164
-32.18907698039919
1.1979928286159063
22.24295170104831
-7.549173822456237
1.0130086813866341
-13.24544511360458
-6.2102604925950455
2.959377274305564
51.367107235086735
25.080196743172223
5.268000424652269
0.9203728714010367
-17.75711230868915
-6.433767669958058
-7.624408540452658
20.79402988746641
5.727462722830535
-1.9817025338259668
7.617934533244113
4.988524851977365
-7.374533263732405
5.592287583268217
-21.16192578173085
-14.004319606108936
-9.772023612047679
-0.7490735448230111
-9.848254887327652
21.733885515581154
-0.27315379214196583
-25.830921989714774
0.9216355197348435
1.428279981914636
-4.766243797583968
-18.209157016393306
-13.310298169869384
21.27046789023118
27.67728867598287
15.586306678293578
11.536321291201556
-13.283732462995214
-13.401278383090528
12.558397284039234
3.5897561585105793
3.713336984340219
8.071958529304448
8.183285642132853
13.09293907338648
24.96768816659421
-1.9103369081703363
13.938817861441247
-19.526194009160587
-18.662127054832204
-13.081430428228236
-17.192043352913096
2.8365341459786464
-3.1975844679805396
1.6037076420849417
-38.32773405985489
23.89339487280811
-0.14024422663612768
-2.751667179887545
-3.719561216625982
-2.1854068945067073
-5.45497174921959
20.893236750281574
19.970125688937298
-10.74883684532249
-2.356865191684733
1.250442578542015
-26.101715853981396
26.539556361602287
4.231185551172871
6.391044489329795
-6.435229404816482
-8.797174178450167
-0.5423025453978539
-1.869362480484608
-2.412707615311229
-15.138664341051435
-20.915145203602957
8.00597773279335
20.881055810692725
7.7596327404580965
-18.128784573256006
18.007741209433778
-22.12790999636553
-8.207191018029585
-4.770089661409804
-0.3236806958940746
-4.430415443060269
-15.449067020697953
10.289954685690201
-6.139345183415196
5.092921508213306
-25.532978820082803
3.770323858612187
-4.185835616601866
-9.64511410491092
3.0403526709942525
-6.908047714774068
28.00278587924371
9.201995975488364
-7.401252387064995
-12.667870917851065
5.323975975734151
-40.15384258179716
-18.4657193742053
-0.5107487387275114
6.145109037170357
-15.944534155825284
-11.076179569110526
20.73844256894273
-5.465261670598954
-10.900029912137404
-0.5925833701935516
0.489947046437419
19.23504655778738
-12.812640246722504
11.646155480600976
3.063126175186187
21.441557645092246
18.867704098512696
-10.830112231254486
-15.58808037439444
5.704843437414286
20.860317018636476
-16.972222089736295
4.374736250131548
30.969013334669377
-7.087473434185791
17.16068323850802
8.031129233997126
13.078208900210564
-1.4392468175811473
2.7946688890727844
-11.072393566288156
-9.060558052164755
-7.201617158879515
-13.664004945915257
15.102775691535703
13.573091017549256
9.077781500108916
0.5755190306566874
2.137558821653181
-8.840298967179649
-6.799428731859666
5.913619176451244
-4.267316694169279
-4.144301529711709
-17.672764789537062
-5.838115671430307
-45.47051721089988
1.7123406482767565
9.628700047293183
-8.085344210460164
0.7068980516233635
24.45279838989901
7.617096556159742
1.9982872005837522
-3.1371195369598355
-1.72059790521688
17.275306780102255
0.09771128657240506
-13.593219402467833
-1.3606134650205604
12.700084317851713
14.18206141116101
11.742684757593816
7.735716355982686
20.229673517964738
16.490885042126216
1.4473377237453178
-13.186752318540277
-16.92522850400494
14.049278052870852
-5.775841491029746
-7.181901581349825
-15.112045720393166
-8.11234573707635
20.294998371959526
10.100288093198959
1.2770873105599776
6.215863877789014
-0.18350447414289892
-3.5393932277181763
4.235705736450666
-4.108870037301415
-8.08809365659398
9.313436795890572
15.97851215687864
5.627695375778421
20.869040566983834
-0.16408387732848267
11.619751266641856
21.03326868524205
6.250204348153614
21.834311701081607
7.922855426773003
-14.41394467281018
18.49603642836423
-41.78481973658019
4.991639033204126
-22.6786112176781
12.796746684914968
16.83746684123969
2.347328830590084
-13.699493011199388
-17.538082442190294
-19.492654158587833
-13.520561833972238
22.462608961568378
-0.8145725906509256
-2.0007312614989585
5.940657748059789
5.878790868418127
-7.911358882003628
-0.4762079271717538
19.118158596308
-7.977449552038718
21.272186675459658
8.077971952148232
-3.2693002642919398
-15.664133136530609
13.063573307270417
-8.497876761053409
-0.000859691877838209
-9.285523840813903
-11.729079110804822
6.576067490977232
8.164075546069569
15.122167608421899
6.09078765557448
-1.1573090207721974
16.725908530933328
-5.432705373492434
10.111103837863629
2.24397254839073
