averaged_values
-8.581497764561028
4.356156230232183
-3.6599556854019477
9.675080568072618
-11.235815770736904
-8.457457939834232
-7.0451397681043275
-16.768535564811913
-22.755375596348145
-22.52000278010733
-0.056569108857977266
-3.2674640299709163
-7.498089583268889
17.479192269282557
-0.5493945731589231
4.684287089459502
-14.38212902396305
-13.627845829410239
-7.387826435729829
-30.66220900934514
7.976076846359864
-7.995481714315645
0.6064923527027556
-9.799035900782815
-4.045715155406662
-3.3905517619363974
27.948776537975064
14.074780743773424
-4.265240974956758
-0.4942531486914626
30.67743506531713
-15.982581395804937
-4.722697803786021
10.662916571723033
-3.5430819846843202
-10.699867859401957
-7.236473009781184
14.029679138535625
-6.17755668300313
-30.602353799121776
18.217610613970823
-2.7665514936910216
7.32211955585071
-9.2571168343808
0.49935645773126397
-0.8889833064252439
-0.18075037097796876
12.330417508217094
-16.619004567000502
1.989767639220979
2.446300523517215
-6.861674114658858
-1.5681370116806015
-11.445510101388724
2.553062028654904
15.651864385413992
1.9459385634333528
19.23361771286248
10.406212769752674
0.9284830892180164
22.268794609700727
14.573697026689937
-17.02590539203293
-12.556447220423642
-6.4060325813559444
12.15065218911407
-36.87769700358248
-20.925154582256027
-3.029589786658954
5.172318510972196
-12.726054676218613
8.912683782401782
4.75640051062559
-6.02042730297861
-15.145490908502786
-4.711196246774106
-1.5654307455635383
13.97681298984778
-2.821783101693622
4.947790371104439
-1.0256435032824722
-13.783126900118123
-21.694336556273218
1.850630407421113
5.4422868497392045
-5.757756268317947
15.847804372685024
7.97845464650743
-3.215513017076332
-19.03744576921062
-8.65621142404815
34.590222975351004
-17.50470356567393
7.811908605948106
7.9778774944982125
-26.23320369676943
12.697629745844832
17.589325448108035
2.4036171472773917
14.488401769965341
-12.712889397811079
0.9402555065158457
4.795263338210035
1.8804136243634677
23.231648594107018
-3.0542711054372718
-13.172912818997755
22.123616070300656
-13.047857678953843
3.4476455541669218
-40.946154496815794
14.182084639093388
-19.95551806172652
7.487069473384228
2.5634150049288493
-1.9875745192694048
-18.659371764991697
3.5503947587518376
-5.385428211561653
-7.2287703066398805
-10.62219022417072
8.699108586823721
-8.45494122934919
4.035594074092908
-10.315425656983402
-8.638944389836478
-2.9487199286512684
-7.311994668359115
8.374914420608393
20.924653540138383
6.9660141874761985
35.58500053024436
-12.275267091573792
-3.7833014806139067
19.277516603958112
-15.908068281557783
-24.11682717112972
-7.462779466579001
-15.053873815396713
-11.723418869478232
7.228242252817689
-20.907473226713943
-2.7590651384315126
-1.4944614043674669
-12.609230622073193
-13.244145340048382
-0.7223919293155494
12.686076894428837
-12.762603312248782
-13.107038169492126
-10.8745890793668
10.985529974948594
7.17971465185117
13.607880190316447
-30.211087907235644
-19.292055019893496
-14.014048103171268
-6.203530391814086
-6.490674137401675
17.86478164882503
-12.398110601487591
-20.9687492966433
14.888212381708799
-12.241964008118227
-0.5177532831173104
2.5051145923674736
-4.4246738331096305
5.336180765483313
-7.3344752466336365
-1.8614575551800199
13.859971316259488
18.585409815614643
-16.65961395956061
-3.598223436614712
29.270303925633744
5.135349084509788
-3.4107990963135024
4.439348252924006
28.004366891756
5.611876373021473
8.936170734152952
-1.6919966344093171
18.99717051790229
22.75770883762926
8.704746873644726
4.2206448074945655
-1.3629691083619666
2.506074222974274
5.703518546724868
-12.83858083271325
22.838639388122303
-30.72346286372961
-12.74747329011406
17.426203480415797
-13.187061232737543
-11.679245082110006
16.766576807293543
11.859070525930965
8.355143807537665
-9.393456406720983
-0.25233815826053385
-5.80197257129078
0.9666619774722636
10.00354228914216
5.109554504024522
-1.5610373803961417
30.495634709921223
-4.414537504433368
-12.881799966520378
-6.632454612096694
-1.5579696502473963
-4.871379236686285
3.509053699393968
-7.441961597652862
-8.247146271613033
4.0280020319461505
-8.622177911049983
4.774272025528741
-6.521312749412545
-3.3789342508723865
-2.7216799958999016
6.430177446670622
-25.93512234277541
15.79374725201103
-15.340238634676298
0.9209611754617324
-11.512999512979972
12.9809668148333
-7.6035219699189645
-3.6686821266414555
-0.23260328014787704
13.703992142617523
-20.20859031705927
1.742012433354694
22.100283339640267
7.0725500881337995
21.299094644313577
-9.379268996978432
-12.434529396253149
3.448977230597663
-5.140380554230686
-2.003057038368631
-3.41228858130699
-1.2883212255796788
17.14984927376529
-12.856487513168892
25.118285491996684
29.13266419917841
-20.54252695988958
10.326074978748789
-8.431209088881708
-7.421247701695847
12.938189853602914
-1.8843476367208658
0.20213142223264852
2.828228844509443
0.6316750230544054
17.414721371048724
-4.520306990247347
9.979513539740191
25.06481230159576
-11.070792847949466
3.225006742671356
6.812700995891997
6.9166331222136765
11.125002751874609
2.1029667717122686
-1.6821758216052367
2.4164714011384336
11.424217330551308
-1.7324913977430527
-7.272138008469122
-8.572019800149072
-7.404664891289511
4.654683488236545
-16.53903638827513
9.437122596326837
-9.153984075528768
-6.599173522068235
-2.0067417600231914
-15.694233188086985
0.23550323591863354
-19.200204725468925
-1.0818132327067673
0.5009788712940434
20.778010044986573
21.389307766781467
18.945369828789264
-17.813803892335955
9.402261127830055
-17.79149472648975
10.991144549275607
16.21123024458971
-0.40005609099750156
0.1182530402498389
8.41254651020706
-17.6332962433355
18.44844308024409
10.600039798133349
-4.319057564047264
-10.049858360717323
-17.210217683488573
-5.184173965224204
19.55497156738446
3.1753473553800227
-4.696784102441615
5.238629424042693
7.640924822455616
-11.850435403886985
7.117516416217337
1.474687951473937
8.984369502550328
-6.279878355115828
-6.217974808764192
2.843236369773278
3.459589416675093
-9.559457672974323
3.4866761945190694
8.931748780271866
13.916841584478291
17.43599692038083
13.481715395062592
23.067437736273742
5.692636819778615
-10.370179321964873
0.037038207219755065
-11.252359931267653
-4.278932964473313
-17.53661806758718
-1.5075103243365646
-31.586450251535833
0.4186336724433164
-17.315336802960097
-3.3997982228218517
-16.626714047517
1.225574967978384
-12.33673900560801
-6.056770715868107
24.803933213643056
0.40376685188425493
-7.700840173139284
15.61952847580992
-5.497210657909698
11.589708064345142
-13.761935656989502
-14.09184681745083
1.9407074957140853
-7.501293803674851
-21.205010892351552
0.8006546298884859
14.019676624295197
23.822704562184587
-14.93326209524375
-1.0393361056431283
-2.082345266761868
-14.629238546722874
-12.746872446351237
-23.30416836547014
19.19113980642396
-17.051650388707873
-11.359668566300362
-9.310670897822597
4.78447254780016
-10.1684169187549
10.59456724547295
9.242325445300002
-5.199751301789339
3.41118062840293
-2.7003956556018736
-5.828866933760772
6.866092210292459
-8.567652744257005
-2.95170665468708
8.000680370747864
6.900765650514915
-1.3239326803157516
35.48440398914916
9.080787886891995
-8.220861079127948
-3.405002903559392
-19.621749462471463
-2.0121765935831117
-3.780914685101693
3.5405186197251988
-15.348047462559203
-2.488280093506201
7.878363647981436
-13.758142821123668
-7.601227692895465
0.5669247798246051
1.0657370438489278
-14.578665827666084
-7.647179106139696
1.1703334503877523
-24.34091235512466
-5.99015294880925
-4.874572937641747
-2.0057993019151774
-8.219413541414449
-13.617854806220958
17.835668658224098
-11.247960154973095
-3.5685810708197394
10.430104693802381
-12.581505239904866
-16.018718942851248
-1.2596760639691347
19.44136017168714
10.053316591438955
-20.73305369366295
12.646981086816076
-13.587781011942045
-0.4509143993051159
-5.232078642397641
-10.72400448970305
9.611492946652021
-11.011168115239366
-22.131808126065035
30.671601658910017
9.859187494690602
-0.37904362784274415
19.52235895630414
-4.854476232480688
-6.566269276135747
-14.15167500843969
-11.558442593980494
-1.1928339441516036
-25.71131443367643
-30.70353347927076
4.845618690049959
-0.9102684946283732
-14.907935334026915
10.210222440100303
24.76129785389587
-22.562691312415158
9.212080673320198
-30.03410212233018
4.636589324142732
4.116239980694276
-1.1852953757075189
-14.017337351598627
-0.5160583155972506
-15.693411416324803
-7.643743547436059
-28.25650105963748
1.8649503442483877
16.025468148714978
5.89606435032807
7.158834974090978
-4.104765221339248
-1.0596208271839092
32.22603121749534
3.647493512395408
-9.882550123770816
-7.953039141424707
2.1878607403368804
-2.7166909054169186
-7.2315730048278235
3.876202648633696
3.3088403800654
8.142050688852672
0.9166412540827975
15.25597313614336
13.357811260738643
-3.4932592067417887
-11.623587064938397
11.527213811269785
1.2508550939715202
27.489009263982954
7.769443955141561
17.292478177796998
-9.117370161552081
-1.1421033453995761
-13.043955441903304
-5.157790597383225
9.576816777707732
-4.298444030304102
10.172713295738449
-4.568968559468395
8.176831173484144
12.931881497972206
-26.360099462609917
3.4650653857418448
-19.30360419209153
-2.7305563033974156
-14.661118777610682
0.02534087675295668
0.5177766510106953
-7.606494508244019
-12.608073981806692
2.0445288817964236
-12.99131499281465
11.744927683859688
9.165335830267253
-11.946119155592328
-24.76954544156939
14.010365389069792
5.066706086235151
0.5013072102133272
27.630432780848388
-7.201058223173527
-3.802493091464616
-1.4246651383613584
4.060043751187985
-0.9795844903006733
6.276523868569389
5.899925233418262
-6.930942021320756
-0.736930104858562
-9.428582367629282
-19.048778452371675
24.654774747038182
3.952363266076422
12.616448946534348
8.963565639928111
14.636022281793645
-5.9560677983099914
-14.579130415450726
-10.26920971406089
11.319707283552502
-8.412347491721375
11.479203403023709
0.26248185318290335
-3.4114565388573834
4.127263278218548
-10.143098333067503
33.99269021594878
7.378228996084366
3.529738662756882
8.852496259862779
12.56401745889003
-0.5606066132776318
8.787325337840503
-13.297033876812831
12.896918323029864
13.592149118991776
-8.842330012892779
15.160767667271827
11.50835797348614
-4.955493276151027
-1.7837075420544426
21.26887367020347
14.060146868705676
-24.284145701419536
-13.30072087613717
-14.226213593985916
-9.109184494485016
-6.431041281834177
-5.635017499364331
-16.778040246161982
-6.82721244839324
-5.418744503522837
10.356506772776545
15.812373279244275
-4.812475512941235
-1.7703581209970318
15.271166633751967
-14.167672351941524
25.33484008278106
-11.921921640153393
-24.336125105903037
11.160262624471773
-1.459384095564369
10.06456312582182
12.678750525470178
-7.416357985126152
5.610539023058492
4.235166797640156
7.303608745600999
9.108791909330543
21.15139766218841
-1.3982558456243566
-2.6371503181366407
-33.89123659989166
-11.802225876257733
21.32072714977989
-9.31670351025189
15.437442932623389
4.697956670968013
15.521215950361901
5.9700442043905
-2.0786163998043454
-16.081348849698617
9.815806827002472
0.08349750233322882
9.563851100677807
3.0505665046828554
-9.226528140510814
-1.5258070830248718
0.042904053725578754
19.078280552377432
6.5713768462903746
0.9403198493360131
12.918042927892424
0.8599672887278084
-5.532399234835035
-9.770742170072168
-19.719694328532302
0.545644330810021
9.931911959343372
-29.176480318616125
12.656930488368982
10.503703562734955
23.268923243247567
-22.441644381888437
7.615984928320709
-5.7495875138123465
-5.219843474787832
-24.100510225951698
6.275303316488423
-26.598356174739767
14.229475989577525
-13.765653393587046
2.28358558061444
1.4480932481226245
-3.64599132585913
-9.929905167411814
8.007239817341018
-9.166122768620282
-6.911087496774882
-3.7343099336123746
-1.3559924662727156
-17.348687881699654
-0.21863155695925596
-9.195011326039483
11.566915552647426
1.006678263525153
15.948322543518806
18.0917779980176
2.287358169970316
0.32131679907351124
-13.510084295589895
-26.82287882372493
-26.54331261112756
-6.396635646830682
2.4778238377163695
-1.2073999973370622
12.648705061036434
15.843351868724774
8.017846732471344
-15.63441072877296
1.65017903143222
-15.872573116686084
-5.361292025917844
5.65581595632898
-5.771333745795906
9.13379302625927
-6.549609882392209
11.989539506418412
10.539159397555805
-13.357289547568222
-14.481015960121209
-5.185154679415983
2.2709478122982385
-9.36935628185032
-2.5393400672948765
-18.469618994324062
-13.323507325439092
-3.078119028420743
1.4831206880165186
-7.278541109756215
-5.345688970067072
-9.858576730112764
-13.911173447149476
2.9601424599137025
6.968335073996756
-16.30086416890127
-21.055092365969927
-6.135872026470558
5.9510278484063965
9.857620253683006
7.6243306727351525
-6.322458977434309
17.19172010325884
4.675146500127846
15.408017040942656
-12.019938078281339
1.9004293982593237
14.188036552750772
-18.639300254095517
1.4087192522519507
-5.058393002137424
-6.879340197714929
-21.832219046666207
0.3425183874279558
-6.788345307353708
23.11646406931114
18.445781015707023
-18.943262904290556
21.055345005275775
11.239340188666276
-16.319433001428738
-17.07199468022291
14.053511599883748
16.059325449028364
-13.037706766032429
-0.1342423941230293
-1.4493587124455434
5.946180615269665
-4.923888698063867
13.281824221284504
8.250413993623624
17.78554540309406
-20.24679324084396
-7.991336140459001
-18.678304189581503
6.93581777806786
6.949932836192892
-14.978606728804724
-13.05888270169233
-10.049680366370838
4.99330687919646
-4.698715701642078
-13.423067453552058
13.512269354931409
5.796004031526946
-13.920075199867654
-0.38422108706778113
-18.324350157601575
2.0059271732553174
-17.60360807481842
4.10570939589868
1.6149241138489174
-3.352437548562882
-8.292243392136113
-6.561885133608559
-4.907807995515082
-0.12848347892987944
-8.002628894620054
17.701563447395767
24.97936959697437
11.653646277747924
-11.297069332606036
-11.980104817567915
11.08414627436602
-30.56701631836343
-4.494118583037362
17.631533736144352
7.3240530586932175
-19.200669426089274
7.447188347422473
18.98747334889328
8.370953972168488
-3.8608274824868016
-8.228346033243932
18.215073582429905
-13.182688470544576
-28.492819593630195
5.796850207821179
-7.884190478588539
-6.365685025537347
26.924971631934255
4.038844961020045
0.4086065615729861
-28.849609133762435
-14.236835682876428
-6.742847202668422
10.001034678452026
7.963773758309914
-0.5628091499874431
16.530177444976875
2.849576304524258
-0.5599856117400922
-5.374859473164354
20.00711109381069
-10.026782237949048
1.5329093652786745
-0.9211996822903229
1.1911801429003337
14.437624597109124
15.6581589553928
-5.471564932516679
18.557103972549722
-28.27240602391279
-6.969450094814417
14.137719978598227
-4.851633232094747
5.533918329565126
21.387762564199907
0.3177814007621545
32.07607726901516
3.3902666230003553
31.669686585438576
6.760265453206828
-12.522580383385376
4.344443394915856
-2.6128862704910203
-14.192605200712533
4.070969979798853
-14.76382384840957
-20.553741835813824
0.8945164451762107
4.389017480336013
8.49720435569086
-17.183584261552266
4.964420663652454
-19.270150190631345
-5.7192935156256
-15.272558049054338
17.633504046724607
2.200141531015421
-14.920900763716174
-24.744848701537304
-2.4738676118214604
0.8762008655284806
-8.049375562434696
17.865512951890146
-1.2401436806265183
-19.2020156552234
6.701521046573387
5.766299254800376
-6.420634604618524
-1.7345706486722619
-2.0180565311213923
6.370906068650737
-19.61977307702987
-4.706666531402283
0.7267549738257498
-19.66510952749436
-1.4582095397849775
1.261926312055042
-6.890450442538431
2.5017065461587897
7.5658059805144795
-12.889232562104755
-0.9334193267044977
-28.94620641420799
-2.5007727267777837
-24.49927530381547
-13.948365336390944
16.03538525233277
12.695915589458172
7.329740787920494
-1.4251006808652469
-13.123415866120178
18.319057010694127
18.12991959761893
10.085984471258447
-2.313183000133777
2.2490094529798244
-3.305955421847198
-15.027451024074363
9.161110298552481
5.903493684964189
13.141104395934478
-1.3051555196262103
2.9835243093111052
3.246228208240895
0.6167490464331787
1.5429160214818638
3.5399200082609674
-3.645189365942496
-15.161044798070686
-0.9229213758225833
-6.657841520200152
-4.289264687243634
0.1734577094716346
3.5579568464794193
-17.070225658793923
3.9725958420481513
8.128099031747363
3.594554726015758
7.886004179844029
6.3062932657541495
-1.6145972351867353
-2.344440660376499
18.953835209216727
2.067881933496196
-42.257991948896226
4.030303659783316
3.9830464154757554
0.806849839049046
-0.2502707298904047
-19.356416907962533
15.248097031144715
-4.596634642051664
-23.261111874284047
13.148565699550598
-16.819914177856514
-1.931502072458633
8.561619993378901
31.260843124364573
-10.520997536118617
-2.278977069700306
-1.4505128991835559
-0.5855107660857596
-23.090639781439613
-21.8547299485481
14.827210010099465
-2.7884786032873947
-8.74122354566893
13.872835283131234
-7.79935444657381
19.673685816336096
18.62584329673358
-20.377830916095096
-6.76230212109552
-0.5576151096996732
0.6159540679071487
-15.580120280391773
6.662900775047787
-14.114554693307173
-4.833444257981384
11.7884659760101
17.546750974650973
-10.016260280284834
3.04921876977469
4.006456297422137
10.764091893816707
-0.946713424846962
-4.639767304537429
2.9257089948075605
2.828424319743728
-13.995075268620736
14.092435999792505
-10.550049154974438
2.834988926066073
-6.403751759776695
5.996524522880815
2.0114407462175623
-23.334125199505625
-10.067635296575768
-17.52310849949457
2.0234331542382575
3.13966114810441
6.2965529261526
-5.033984075885896
-2.16331024622731
-5.0877628305551115
5.4007465898792955
20.057808338269908
12.965336632907588
1.1311423355896142
-2.8315273243273915
3.1666128918413725
9.043637213503507
2.7790194480330563
8.305412041136444
12.71898893046317
16.23954273895744
6.667020118699796
30.325633177241297
6.431717759878142
-5.17025205796132
11.931281726523181
-3.8518892029212712
15.455684181883758
7.493129405519051
-8.611721823335396
5.122241767718819
-18.01524961491154
1.2422736739135083
5.295948577388219
3.5797364357380266
-24.66284150337427
0.9195340821319411
-5.16675730921023
-1.970005362758935
4.909573032986482
2.128141036325397
-4.292225221369367
-8.781128563259308
-4.33378866144194
-9.098004577513993
-14.568842108151161
-4.532228677828092
-21.5228173278171
-5.036221326035596
-12.736854293445665
-4.93363875970245
-7.020682683986191
2.043018376145761
-6.7224063586758644
7.3252262162239115
-2.747288052421438
-9.453736634616535
3.987624066738935
9.202092491074902
-5.220341277422718
-9.181808567660191
-1.7689413183517242
25.875623150951995
6.37051751758953
-7.628168341214608
-10.690416972855225
-4.712656960827036
-4.30094950998923
-14.814788842453924
12.211642415940943
-7.723341814398805
6.9787668451571125
-8.56224635206353
-27.65083669948286
11.603838454817174
-12.74123086409388
9.922349154708435
-11.384711462793298
18.937866426095695
-3.256663088680107
-12.465338230203727
-12.293905258626957
-6.644629587049729
-28.482049264323468
5.538564227917624
-2.0278541718885896
7.285843623975154
-8.734935427894497
-0.48044763491161974
7.835705891612867
-6.175337032225686
18.882860461741927
11.071072518481255
-3.816754918690109
3.735033642403461
7.8001603154918975
3.9125182711006996
4.913240887630882
0.9780980210964969
-1.2543403817192784
-21.512813649011918
3.320813848570311
-4.376354418777784
1.6326917251258253
1.4162594298251105
-12.791556077161045
-3.920409768418617
-39.20287622263882
-8.429505370107396
8.308619267396532
4.197017003564952
-7.9203346101041285
11.146878922645309
15.05064938944664
0.7547717600196496
-17.900703066427383
14.536606815649145
-18.66153557574883
-23.94001941755344
-0.49694130657354746
-3.8392487877202215
-18.25793752025362
-36.13862392447136
-9.737963326057159
10.918683898948299
16.21884812501315
-8.99429863334915
-0.95793025877157
-15.999892056610124
18.993625277190137
-13.860098604734691
6.869442315562214
-0.3544111458283635
-8.736230446673769
-17.455299916780508
9.347501872369596
14.290237227486585
-28.513904786167238
-12.820261454420839
-1.0892973409608515
3.989619186875117
-12.925532627499447
-17.501001291072804
6.679023698321136
11.968935703720893
-8.43218640140472
2.182500849623541
-1.8738906344157076
6.756559116357276
3.421564706925039
14.04860527448605
-4.512407153508704
12.299878514733496
-4.894793888256605
-9.305491531894075
-13.033277347086813
-3.4376719480021305
10.929123505640241
0.7067932053116011
5.557668261903221
-23.7222677181527
-3.2507021606080237
-17.63368170199216
-16.292324202220104
-12.450861557017975
-0.06941718868022285
6.234277119376842
-2.1435520854252745
2.5517024698842596
3.435383829398882
3.377246601432641
-17.11054155338629
-4.6758786757729975
10.880190202722517
5.769397084627047
2.9300295239093574
-3.8283640767253195
5.983363355889681
-24.596747031855585
-1.6607850445272765
12.431398443862875
17.936260750539297
10.59754897900392
-11.864344238516871
-0.2503985780329633
3.021317033973255
9.127794960996189
-7.334947596814388
-17.55261780327703
3.4846609528107524
-1.5337841804298964
14.766726575451454
-14.646273213552384
-1.1625919774006377
2.1066115378847625
-4.382910102886158
7.22466603564432
-15.372888464693288
-20.23380094659416
-10.501629622242373
-11.156821577316869
-11.770034874933017
18.026461546046512
-2.174604671775371
-5.276620961945372
-37.89116827556642
17.233097985144628
3.5857926402399576
-19.591422501108873
-10.797068059391258
14.245789714279072
-1.8189749365988201
-6.946681699320337
-7.963704301733279
5.218752925646305
11.241862706679319
-0.9121613649448912
-3.7320824853655576
2.21037665686123
1.4947733835684809
-20.91513238870971
13.298057961928997
-5.07134951300835
-6.705530372135104
-4.174667204055755
-11.154944926693958
0.7130439541246826
8.30521224302615
-11.622285546023672
11.098330944909591
2.421359410609777
12.797461893888133
1.9301503067678234
-20.41372229654405
-5.4652557273233855
22.24028127123199
-23.227117769217863
14.473903634823083
0.87708387142958
10.203713529976719
15.348968496494265
7.011839884589153
2.350367933737888
12.438376025730472
17.84564314544899
4.09409953588278
38.79665820569977
-13.746534595156408
7.658088582422449
-11.21376753879909
17.61437294986781
19.878194006763227
12.775697968668146
-18.288752869677214
-9.580741003079774
7.633870793111108
1.1298236564989055
-5.3928569532846105
-2.460871637196624
-5.466727630098083
11.9889333251283
1.0348558249781725
3.245468120968317
-8.061076648497407
5.064994096453942
-6.56571621820001
20.799849835988113
0.07757142804014737
-12.973759138836968
-3.187935894854531
-19.85602572869902
16.521368368332773
-6.1800232675485995
3.397880668725041
2.8030269956711598
1.1346519372863835
9.608825818086878
-7.9485650970551225
21.966382701843617
25.743184531945676
-38.788212415748916
-2.941381710343438
-0.15659518314130877
1.006789288156395
11.360933285372777
-7.049582471029562
11.84384041937257
7.854141784668361
-27.796290884954917
19.78522770576543
-10.266831271806154
-4.383190085914137
-2.0706888078405528
4.043338718236601
19.142397239761884
16.309710033454433
-7.083652393559339
-33.81721214310613
14.39456452076662
-24.200051050995075
-0.11693774271079503
1.4710261044191164
28.659107450658894
-11.407485154531729
-23.998831286550168
9.268937431548174
-28.812401022662517
3.0922746888262598
-5.637857831547495
-0.908093978910051
3.841664485741364
-5.610066683018294
8.010592200553834
-3.2070454474283125
7.985274563369346
-23.40529799007472
0.4696403893432091
-4.428876277645983
-6.973430907618228
-49.29394978212359
11.253303375320764
0.18121662220605209
-17.439636953940095
2.999020305861537
-18.517862663282006
-9.529180974247257
-14.517644795741933
-1.626680183382788
18.32443294060141
7.253803603318938
-1.7187845281595977
5.712347023076181
-2.6907280285932695
1.9790118907982837
-7.8181487971376145
-8.259947441147842
5.36538194324887
-6.933941883184062
-0.5431196639570759
4.026388345354888
-1.1915954393390216
-12.529065498977289
15.771095622444578
5.287685516659823
1.2411339824545808
-3.468188428339801
-20.237164598905775
20.876682401354607
9.602209729735664
-17.432970461130843
-19.64737781969866
17.836724422095205
-2.760287695130244
9.490404936047408
6.477014125489039
10.579975010289186
12.206937559293316
5.456707919739054
-6.529253004596039
1.4921557568814559
-2.529084393269226
-0.9199460272050244
-10.6762112093287
-18.06491674156024
-7.117364388917626
10.166359936107437
-22.968760559775752
9.366299402169183
4.788011749181876
-5.738246853814369
-9.422553178787833
7.647489050348203
-2.757736486090624
-13.196538612798282
2.296669200899256
8.319213787809927
-2.617925368864022
12.718037896283205
10.601324419896708
-18.796471534726628
17.30050288566379
5.754187453970766
4.795447718707358
2.630933388142628
-11.676899629354901
-4.754693819883608
-2.6330329401469728
-0.8628605790335241
13.80962827103299
-18.71040181765958
0.8930287462780744
3.1000090286213218
-15.213764306282233
-7.814918240011824
11.03019906735622
-7.084692093664342
-13.332641361486717
4.977458971163391
-11.087853374077627
-3.226861400539443
-21.07540036668079
1.0374767271085363
-9.763584063020147
-14.35826824728151
9.40065942934453
-15.71811694195832
-25.213517595702083
-19.195661875238432
12.942054258934352
3.8470087473349404
-2.713509068196022
-11.75779457215092
1.5589607222885256
-29.264855125639794
-10.96679765278551
-14.538500618682466
1.7254293459033305
11.568407241420799
16.373936731579526
-5.66490485665718
-5.807744864690974
12.008096397125188
0.49585618311707386
11.204978111985943
1.1618997541290608
1.4808878617134773
5.658409914288371
13.854419391995293
-2.7049205969270744
-2.7239473250786235
-1.1990127559065233
-4.518198355871317
11.374212835198012
-1.0501180845686342
11.906272548826644
-13.923889024361333
-7.934106159983399
1.3248909885747862
-29.9997429479314
-2.1425634725373617
12.244282036924236
-2.0323813909718424
-15.950137428273635
4.008714011572699
4.403829894845733
-3.5546314965664343
10.848659533791126
-7.68934210746405
8.382722763674066
4.038256434678023
-13.451573785600736
20.290802281269414
26.898172395113594
1.6725317016222487
2.6996144545956797
13.232250520448416
2.1853951260173936
-10.836855776319185
1.3981135569265615
6.869088724274057
-27.208805867546587
7.571367945370696
-27.942487676834006
0.0606329562859498
-4.967588374394099
-8.590190917796585
7.206722032710135
-7.0819338734565935
12.220029547337028
-0.16306015491521506
-3.0929867215763482
11.704779030635754
17.31291786952416
-16.358816993667077
-9.937077662528788
-2.48248018395096
5.567012700101506
9.512471555942199
-5.892481871490561
23.888547790071847
-5.2646687561438705
-10.615094339527218
-13.572686986765074
10.455569932215832
3.3343017157259873
-0.734693130369046
-0.06456285818546885
-0.2216332509371195
1.72647788604258
-1.5066425714198943
9.210578183696573
2.641201723044028
-7.09310123867786
1.5177613976061355
3.0794217213512436
-5.714119591432118
1.463149035710909
20.179188333774956
20.733573858344457
5.786584077249483
21.009204078252534
5.786026903929739
-8.238582327787006
11.761004748304744
20.238512318985116
-6.859075142941269
5.938579077771974
7.204809483230765
0.7596756437011525
-11.453437538380149
4.743300173780551
-13.233544461135462
-11.47294671645914
-21.249000705859835
4.465842477206781
7.260224513135062
4.249863285149043
9.918462471911429
-10.781995029402708
19.97167699298735
4.838155373499649
12.050099132891443
0.6130524363051912
-4.764272735533497
-9.626689898653682
-0.6192390292795714
-12.460569061558722
4.815126577121603
9.43220384766216
21.915252408706625
4.4843924984221175
-7.461441122601592
2.352640427069426
31.379114613562653
8.100278826884939
-3.1092160899695047
8.134573702322903
18.38496360074172
10.212539465494137
11.939463387699925
1.4612675608985366
-13.42647808017222
-3.838739304159614
-26.053386429505156
0.17814796239647984
-6.497462516806927
0.9399540690083955
-4.066494595717786
-19.567089628472807
-11.961463107922205
0.6462175566660103
-9.6880091888235
-2.046098020139214
17.94635653866834
-8.946845700932391
-2.688492106938347
6.93537557025618
9.454378064356321
0.7306217702019268
1.5748392220707486
16.576034944948795
-10.31185422661561
0.1135775153267876
-15.48608183428164
12.079149018587634
-7.547971900084844
3.1980304487533093
-2.6061519384623986
-9.553639662798417
-0.7240972890191756
8.913176956543746
-6.205729323973708
15.364031436770182
-16.57882618948592
3.300346745751088
0.307583212323779
8.678634561117542
10.444696172532012
-8.08046860528321
-6.903022536688009
3.415627486552267
11.331252847870187
-1.8950979750045427
7.6199022869083235
11.974799962480526
-17.332234795835323
6.884753225726675
12.219421467419489
13.87728204712561
8.470268656348425
-7.62861638468274
-0.5131900608912003
6.159808534137611
-20.84786378680607
-3.974724502508787
10.767229907975349
3.7134655448622427
-5.221550031707772
10.952171659287796
-10.591269252177465
20.7673260122151
9.674973541420115
-11.225447142048358
3.5957622935106355
24.046894191708997
6.422921411205083
26.043107427928348
9.159240260465994
26.185984870846102
13.108452084181936
16.319409956489018
-6.452922609811709
-7.493685136067066
2.6997140312527823
-2.0432994636062265
8.339573490202683
2.154635642408188
11.346199137833406
-17.07704526847799
-8.734185930490383
-0.43900780336224826
-13.716822584108955
-5.114537505481443
-0.7050780886494402
10.299389571399928
-6.749097827349821
9.624502633920555
31.701302301371282
6.654548060005168
2.8610600182414014
-8.56386091180184
-20.677494386065046
-15.849465300232733
11.614861621967032
-4.436982015499422
5.270193206090056
4.141692959404522
-15.436509764822729
7.187973529425397
22.579501140144064
12.31506357099168
5.25169152776322
-10.28046584842286
-4.2980762648688895
-18.204893757850922
-10.196737563241632
19.855403263173855
5.781533542290587
-19.385959408299676
-11.404059994434698
-3.650014692805815
28.234626454349097
1.4142491865952285
-1.8412597146546699
8.007119038492629
0.6089033347858204
7.024712798146185
-7.863651626994744
27.43817406819904
-5.57576509035234
-17.10428044423412
-0.7839682994443133
2.7891134755145215
-12.377467083035807
-2.844008395421554
15.263130198911488
-6.948051914063265
-8.926693838807777
5.192184167908354
11.839631579725388
1.6126021133997979
-25.39172676630803
12.930809948472428
21.412294797537314
1.3044560565039416
-12.199563135051239
-3.2973711877013834
5.40506053943759
23.7624507102657
6.731625167902844
5.2741512840040725
-7.635087626789371
-5.6650199233077325
-14.917941886120941
-27.749107628909925
6.269582462957894
12.656065893467373
-14.738254842322233
15.88436825403478
-5.961201348032833
-4.777739257986767
1.7451199326721496
-8.546133149107002
13.059323458981803
2.5987277903742747
8.711458708144875
6.18708492113311
13.674524886120011
0.14855862285451574
11.84785526668688
2.172185799995468
2.230471200811055
-18.927611129536153
-7.3019795810413175
21.00580446921637
25.261888046020093
-4.808673503486439
11.14846639860921
-5.7327963153194865
3.867679569062174
20.088045167693046
12.988020675574157
-8.991745336257601
6.709246979856643
-28.39907026239183
-26.056818427040604
-10.627730569482308
-16.720692990950603
-17.10544822474514
-22.623546344308735
-12.516010666787414
-18.577366248669303
1.9605682367399717
15.313676163197858
-18.033214795045847
-45.95611224397819
21.11311063480368
-6.718145729671634
-11.81745644147599
24.18314342115072
1.4428073254396134
9.518936644554886
21.60656182925081
-9.26724837911401
-2.007169892834911
-1.1750140495453618
-3.8599613822664414
-7.981387371102103
-17.81931340154654
6.5215101314085775
-42.93421344847428
3.2063752632847673
-10.81179267253315
11.922143573564945
11.115876850955985
-1.5003348308311923
-14.474232649650588
9.402116220152323
-2.945789952834767
21.05676169109727
7.6615383433199895
12.559388649266001
7.611577754577999
2.323579220812319
-5.253620103965564
15.020019625352077
-11.928205352296372
4.771887402370376
4.09469802320574
-1.449783152992182
2.7401176215834733
3.892766104418443
-30.023117771169137
5.38677989812337
-4.756868891079829
1.1775135299238513
6.764629290242058
-8.425583657754864
12.528332489007463
20.777025619768413
-6.949638361380332
-5.381332037727187
-1.5707975800582412
16.754737206891114
-10.778396477132
-29.172612532400553
12.816442565710544
-3.801107039829607
-6.215140672579724
-5.900434130493471
19.595990622279242
17.366899198804457
-6.67397977141661
-4.82424676421672
4.719807134730374
8.284867015952079
-0.4538268983194327
-14.303216920586939
3.0012854100866337
-8.790675121865068
3.5227744370615826
10.830811999619822
-7.77888962274143
-11.29270454193104
-22.681677382098066
-5.531864344565828
12.990572229724128
14.480644139005735
1.424102857441123
7.277076599620675
1.0309204487318628
-7.217412882822855
21.383189251376287
-7.601772560887155
18.594998393060685
13.315773531407698
1.603563655628663
15.488203879801835
14.343689964456782
4.234064614299153
-11.438085565512527
6.339166278644986
-10.813411978380307
12.353095022273061
2.0632228471520713
42.7384800030307
-22.09900557229633
-6.811301165111057
5.342684090811392
-13.183868564057137
-12.257063975357559
-6.487274660215881
22.80158508790397
-12.53109038105734
3.3642023027275854
4.988071628688869
-4.070295599142429
15.42302183595526
10.464743006182644
-5.1737845529478195
26.86086264223885
-7.203672606520732
-4.794653457584046
-16.84753784080582
-17.88763403655666
-4.91296272425624
-6.374682368684826
-12.572364214991953
-7.446905001916977
-6.75930971672353
8.828425591052968
-3.038501287121472
-9.615522818529037
10.697581258414475
-6.5492584999177
-12.845663628697658
24.14129796403214
3.49045413936727
-13.406924687458485
-13.980755795822917
0.547209054765738
7.8404998822439484
21.38830922558712
14.455786369693868
-7.902721434810056
-12.85759067000719
-16.29628755169295
-11.86104708376618
-18.60518490662343
16.782985358290386
3.954288184535634
9.992310284059794
-5.372450739968977
5.79164513460256
-0.07277319454895646
-16.901759572607546
-8.465860004430596
-17.72938930731266
0.5944908593735013
-4.502956986208493
16.287787965056015
8.712358076332965
-2.6969076509333614
-20.50444768329158
11.688729183478179
-3.6860852037114293
-6.114582735745166
-14.671409749368175
-23.43083942120061
0.02782292164173096
10.546750304315122
11.317858991987963
0.3699398683762339
-8.7526486227005
1.9085010606646369
13.156431735268201
5.237452451211637
13.522922760834087
-9.378951288617493
5.105186821002296
10.134706485706351
23.579424223706805
-18.010570749961076
3.2097743849942746
18.67429815547563
-9.143746425556435
-4.858305757594069
1.0181607855456207
0.41537338195031126
-9.548339640582483
-11.329099761973103
-34.86442358295141
19.03241796713387
-0.07094102636237386
4.431154317451064
-7.442923832072196
-8.813845024391524
-1.9291287221571873
19.739515259435677
20.481160208082457
-4.445337683188552
-4.02788540807795
0.06926570926148545
-12.60834204752148
29.059310628723406
11.367787184942687
12.577141900186152
8.474560098600582
4.886358128975643
5.367701345172434
-5.008812724819717
-17.75446008770856
-0.8121515135711171
-3.880656612279455
25.209770497198424
10.863203383555211
-1.828053673773264
-7.5198918789737865
5.141402371479885
-18.45667299369318
-12.654760928582249
1.1927446270598758
16.09306949227863
-2.3770352613362906
-21.1452808871364
6.3744211359679825
-7.186750119212013
17.30439145434013
-20.883309449966664
23.29839788895264
1.5257188272112703
-7.930945539066264
7.470513970663176
-1.0498563558792746
13.891335423995008
3.3066671879213434
0.8919719847914945
-6.696011546378467
10.353933174462545
-39.18449281929099
-32.05200676952698
3.0265642959865238
-5.200154598030722
-7.892492074174759
-11.50174446075329
31.454825945858218
11.417076988734822
-18.22811581861873
-2.3175252606300925
4.653137694021362
9.727962961375557
-5.472613567717794
-1.9409288573163077
5.420976520118838
11.014319458247238
16.177097262168317
-16.62088997905787
-9.266341116602408
-9.237566356381082
14.039232376469135
-20.04946711800204
1.1653548696221736
23.93142528516421
-3.0306294653804247
8.265200589965831
6.772175780721336
-2.175829547890745
-9.399402409275055
14.324092399258623
-2.9162084243026367
-9.940111480814807
1.1111503960908395
-18.505291548094018
8.184494586434386
1.9206704562925905
13.190568418224489
-5.175980881057403
2.7603108043239852
2.2257929287019924
-7.0702706209104305
-3.4956324656900537
-10.01520610830585
11.275960821468134
-16.141873278384672
-5.056165733522155
-26.48969685901037
-6.42614332860789
20.180478343211927
3.6129690626785345
-0.54560968840312
18.943089912273273
-6.783695746128373
-7.1592219894048545
-7.605917713943422
-8.368928224155146
6.944194629372333
-5.137325161058265
12.054903315264367
6.490682516276024
-3.8199614563454305
25.862768763333857
8.87878157797158
-2.8509255916610705
6.719193672429833
14.429809604799042
-0.6833135880739559
-26.09127631420858
-7.643093112143517
20.585410012574574
-3.054754725233639
1.3820682405397695
-16.17953796649111
2.9097781021505837
5.221604051032556
9.925669176593264
-4.013917465810677
-14.289884518064662
1.7023464831729824
1.8074983328622747
-9.541725564601373
-11.91028174767359
11.327047134509222
0.32034990991009116
10.019644409339802
3.0182193639522454
21.58285391106647
3.4890882771766933
3.0035551702689878
12.644785641639322
16.334421548013196
3.740878524197104
9.85935419506034
-10.574628941298924
18.729020285489096
-24.595823175464314
4.659773097136567
-22.167303205895255
12.597603816240214
11.865377890002632
-1.1610187383327417
-13.661893164211635
-11.762144294035199
-23.527887674225667
-10.833212777365722
13.789449185753384
7.300499235032637
1.2777472902836222
19.180809940267842
-8.134467973140328
-5.281268600845409
-1.999533260806298
24.542002983480472
-6.836107293629079
15.57405588964085
7.222103014098553
1.5190627285410194
-13.197116563699124
1.1066131151394505
3.2824212576927176
1.3305034489354601
-6.212382988649384
-17.89979833276262
-15.264321903702953
2.0057279674434376
-2.5819597808216526
3.3903094529646793
4.8934174967484125
34.10700437681472
-9.276602522127527
-2.4985282778083184
3.215824945776708
