averaged_values
-5.103716112097523
-0.5678605449418723
-7.01031388177983
10.841565620913613
-5.354567056662688
-11.371874115097064
-5.132485404939281
-17.177591069928177
-27.353118111876164
-27.650540589152016
-3.459592536980374
-8.854706398015075
-4.245567471596317
14.76917345648848
2.2390498217123564
5.984101392699927
-17.91435931671404
-24.168784462865876
-9.624912550532045
-28.503081746342716
12.057303344948977
-8.046113620685901
-2.409751331094284
-7.698296736091521
-10.527707489551126
-12.827788334614944
24.983630960959324
18.186969290864702
-12.24923670924941
-5.035221344958892
37.97697260343149
-22.63508173463274
-9.692209676037614
17.818781287084008
-2.239629256089543
-14.131277107740658
-7.1085046597966794
14.468460851279517
-17.197773706476895
-38.7229265607371
13.84665277236067
-1.775347790014031
14.113631194075552
-16.79082951424749
-1.507329479364138
4.864359161569254
2.7846300199190988
11.774872499690758
-18.106923526754358
-0.3522216360522421
2.9946003793425646
-0.5111142718277079
-18.05895682308544
-18.712936847273184
2.00005414803072
11.658904054127206
0.6919415484158837
13.027582029404982
14.596303350504506
-3.5888009534541467
13.918672318020889
21.841521071505632
-19.05626354919146
-10.86124199865413
-2.411428329599189
19.095360121141443
-39.2429235579334
-13.328428621702713
8.185135559901191
20.666305798065395
-24.74692483043468
4.773582368006579
0.667004251110022
-3.379949410687111
-5.141033727542336
-7.541738696948634
-2.4548197197587176
20.927529389774882
-0.7432712549049612
-7.708844516112685
8.493368227152033
-14.970573435103283
-31.97070978791332
-4.267270413588186
0.9538608679795004
-15.929648279212323
9.37450129614335
-2.2528888657435786
-3.1184627206064093
-27.795064242845186
-7.211223470756351
38.21404360947607
-8.876028077677176
8.281647336468346
1.7719398241346767
-25.842894913902505
9.470544104813364
21.64369242246488
2.5693138349476143
10.985034165906697
-11.96240533953302
4.201461960404977
0.4791528738027606
10.87365702505064
24.47845134945561
3.5900131514717515
-10.09975472671944
21.419189475154262
-6.074921522453117
0.279689251706273
-41.79570194635339
17.974662071755887
-21.1251369672733
4.0718440062204095
2.4868074521661256
-2.3149948316039897
-17.847494598946383
6.998404928796042
0.2965754873578206
-2.0844582150709243
-11.269778213659635
11.070753358214894
-6.887505301092062
-1.872045198565686
-15.174060593421217
-15.882708765034721
-4.130015806424019
-5.287290295353664
1.3413667417948716
18.405836793994844
5.595167694568566
41.731845222640494
-7.448585989067617
7.30121181249136
20.894202029550193
-22.410842072773665
-18.32290011765342
3.462024973301297
-6.6379796439058225
-9.590502981064837
1.1023606121857201
-21.87182085066604
-3.5014154587964734
2.5166122930721433
-8.07555440436014
-13.801426938444479
-5.836479907157937
10.679094358016705
-7.369732703591261
-23.338651283523095
-4.693437597196734
10.654757968410557
10.187125784099912
14.523856596547382
-25.609011936247107
-17.21892005825159
-6.3565665957142485
5.440961642290915
-7.770746908116449
12.201408354881046
-17.51014447647772
-12.716493929016522
23.782906423160007
-18.92668119950161
3.7161305912805105
-2.9410824896580574
-3.96481683633845
-2.5924426424282814
-11.107982966523586
-1.9506327001256096
13.264426612122158
20.313401769986875
-21.937423307729212
-2.1204822618742583
23.57931671881505
4.209250855031414
-9.20932480386135
4.013188358422319
29.232886473850627
8.302936423821464
0.07687977602964235
-3.9687850710300268
25.500430807693427
26.43072448872116
13.00077843238541
-4.246957078995017
-0.4125275310383354
2.827084251185468
15.723637986622649
-12.745776309986603
15.268410577971208
-21.744297342629807
-18.96909476160375
21.242497758569037
-21.81291521440174
-6.987297068357222
23.276287087457895
7.574600891306879
14.796605200001338
-15.215990770280504
2.845213217289711
-4.695043476012863
-11.42995053946045
10.172360709436013
7.940961418545349
0.23788279696449166
22.433567218155076
-4.090604368545115
-12.97239100097648
-3.2277553319097194
-1.8344225140584174
-8.870092351331557
13.87424309947793
-8.61937948968231
-10.67459565305726
-1.8959434266044184
-10.972661339591127
10.102559053256712
-8.217851088863284
-1.6248161066030133
-5.296703394165725
5.017550105099247
-27.366397129095944
8.46797789535929
-10.27152137195398
-2.299987656066307
-12.3024097606934
6.543015357578653
-15.605546917337143
-3.849659505451683
-10.28738577382205
9.424202017504356
-14.74500203103667
-0.6412035629196704
18.31216182100237
3.263196404185024
27.33770112073408
-21.66542377833057
-12.036701694622778
11.000555535004125
0.9785004771428234
6.127705482922778
7.558758139680847
-8.478406072827475
33.31574998423055
-11.970505106657285
24.470001772628265
33.14606841780663
-12.540941377387753
9.117616283634682
-11.450014085732604
-6.08025675747065
14.342844965901072
-8.870049543876817
-2.358712778180063
2.735534794443097
-14.414875426476371
7.332876174146903
-3.269361863637073
5.369095605314939
32.48315013392033
-11.720984037142763
11.258586756564185
0.19153013199932167
2.9772899677537126
19.973038774818768
-7.910277029115711
-7.670633923970179
8.188175675707782
5.253480556232503
11.043882024847619
-9.774850587426158
-20.53673734982307
-0.8017636405387942
-1.8244055533167158
-6.6815983636014735
12.515612131341399
-12.21199898874756
-2.6328874671706615
-9.286907326943684
-13.999714950896072
-0.6811053156480043
-28.934073367829413
4.300796278665494
4.045874169190263
22.945621220020506
16.47230140261005
10.16231502571297
-27.26140490602144
9.404649422623223
-10.716274489605468
5.736674460457657
15.938431535769396
3.952313974125716
2.347814441452563
11.041316605566834
-19.70385339476467
21.155169873103468
3.373055912989365
0.45642293594531225
-5.733283251741433
-18.587830387915233
6.466571901832104
20.535304583817343
-5.438867509197507
-3.8141894521490083
0.5400721201337289
14.038460034469033
-11.359343334172621
9.869705609541768
5.081989915852752
12.04452341569452
-9.87753891469795
-20.651562646275107
17.523344473445043
2.242072069644152
-17.62504946002005
8.045344520980805
14.501173528852327
4.765932964242587
18.376887539751024
5.074149140049606
22.347938583073407
-2.0979878427692213
-7.151684797749823
1.506042559464049
-12.959352623579221
0.45829569837619766
-24.99473905729939
-0.8841593222511862
-23.94809857631499
4.571029497887942
-13.77563935469967
-3.7485703095318783
-12.057849491365957
-5.6249872897121165
-5.637059171179197
-8.098006644005743
32.917015672984604
5.389708560340871
-7.677829733394361
23.595977936765394
-3.7186363912670117
8.806468842323483
-21.632687873431856
-19.73077477115742
3.2429319627669386
-12.566550825631964
-23.731894694238992
10.188862516354824
18.02888769547728
20.8357799044541
-17.165978328330333
-8.869692535442624
5.3668660988570025
-13.606668113999191
-16.599048561822926
-18.97671345469341
20.019159997241097
-19.837104361223858
-12.4259962293782
-10.166254382938135
2.65893966524434
-9.055910481632068
12.513791202172621
18.72915563006495
-1.1247922742060439
9.414558471173407
-7.02390921998343
-5.3130644627404635
13.002895907617642
-5.878716278617439
-13.202548773580327
0.1432902891912493
13.164575939374966
7.337189917578115
34.66333212040448
-2.806824771928192
-4.179251025989622
1.107993836052387
-12.503298044217082
-1.088944717323045
-7.212302515585371
1.8507323998245155
-9.525807991368879
1.3439926778708653
5.194962734241372
-10.885045217133381
-12.235377356910774
6.785825566573671
5.734084709529149
-12.969987657693721
-9.865815022569087
17.776086826202842
-33.48096494954944
-16.470835091054965
-3.4651735692605996
-6.3097091146699995
-9.18206153428821
-16.3773011736171
16.677143601962328
-17.232886674006245
-6.448314352365102
9.310860814280012
-10.213429884120416
-20.369185271548396
7.904537952363135
25.221059068919317
8.654383821160252
-24.818966004874603
6.515189982208227
-12.240390353227163
-2.438574456872729
-1.7320749324277074
-12.178672317551104
15.724352895290195
-15.001753108044404
-19.773474024072115
23.512913561234427
1.4786362901699661
6.997504017938802
7.347405718232039
-3.9579132465224443
-5.113711116958314
-12.200680407378812
-6.183322363092046
-7.504458075056661
-18.93786164258153
-28.700807066767844
-0.5851519650709989
-4.033037725652001
-4.7918217231258495
9.866319566011207
21.605369853244767
-26.628421968783975
7.48374074599473
-23.667158942942024
8.136110685945255
2.7813878995108325
6.793362544861473
-14.196472381919186
6.710690054129493
-22.411211044622178
-7.7451732978111
-31.629796504989827
5.083650476114869
14.075518904259937
2.8226533602032475
15.325976138245423
5.995370515431269
5.912215413249228
18.69567749818551
-2.928334253077111
-1.3071664342497158
-5.592750252430946
-0.30361387358154024
1.5499022530101383
-8.002686249421131
3.708772367370834
-2.645409698520055
1.4656160003988603
-6.8614971404165805
12.757786880157752
21.67642477497942
-1.2152109226898986
-11.721862051482589
10.23967265476562
2.337295013841775
18.1027230180648
10.82695428379514
14.250096297447946
-10.721631928979912
-1.5575946512903371
-4.637967740087049
-5.433155628550992
13.554752246098055
-17.082354691008213
15.72331234106781
-2.8171828216697676
16.966117087289817
9.186320753256233
-33.368490956181674
10.83589693383422
-20.701165204608266
-9.917119177585583
-6.37996520394011
-0.4129260494560967
-5.9558831799540854
0.5403561302513324
-12.493435503530002
3.281289566925871
-11.045955888992616
16.951870947558888
14.399395240106665
-6.604570462326677
-19.626787621909557
8.72779848560257
5.265975044497473
2.0192130110300184
24.943259988064966
-15.792512119856845
-5.68569698779055
7.475117548308582
1.5727244031303727
-7.054624115179905
1.0726434773084959
3.6747228373053744
-11.444719897795459
9.067224475114102
-6.149439369946286
-16.310426490426394
18.710755300199885
4.755109250185363
8.233279681662715
3.2829241316094695
12.649733951770202
-2.156968147981317
-12.21352872243552
-7.597996176515004
15.252806353487294
-5.497424899601846
7.360159663825499
-5.341674370865469
4.7557068468864045
3.6408852373827685
-10.58953052336065
31.141416196238325
2.8681120151067674
3.4416566312149253
5.3465434012386766
11.474310180835559
-3.7564977905475487
10.989573876108736
-4.388332208144703
8.831295037310099
8.179692543987812
-7.280625067334775
8.523684387298353
14.448747263382252
-8.602384733157415
-5.469646053693985
25.343422611839138
17.486112567246117
-22.785385256599994
-14.73236860484252
-22.699771668905747
-5.02663390604129
5.786053784867853
-13.446530400642402
-18.73792375823176
-0.13513858250809818
-12.23167377160214
13.272240281772504
13.32760577140025
-0.48733985947777825
-7.275135888194953
3.6919613199410364
-22.247857489442616
34.05300946495059
-12.616776282432944
-24.408970355349553
10.428703743890125
-4.633939468419122
6.562332636767593
8.54474097379071
-8.900946132098426
4.266917440155822
-5.3411605650467
6.785000954258706
9.661677959196531
25.390587268997074
-3.6264290013054747
0.06685155398662346
-31.018552111516826
-11.959392829694409
23.721090195763026
-8.48774718668649
17.715391705743762
-1.668270849941436
23.086440371307752
15.577590142347866
-0.6334114212538253
-8.053609781440045
12.33020507813827
8.233508833895662
12.039311896009018
0.9975862427847345
-5.542322446665217
4.081313631474806
1.822623514117673
17.466054063462664
13.158719890566594
3.8021711311670288
6.164255658140476
-5.7805435189721095
2.6781513659261127
-5.086438497492054
-16.488369678137403
-7.898641750799811
8.404433314352744
-23.3728229255076
15.926638260648268
3.691376535767951
12.720980900977004
-30.56543998524247
-1.6219248414751846
-6.573548388120329
-8.995312768081973
-27.360470057074195
11.11908979751135
-18.824148432240662
15.33165432073158
-9.726533066110292
2.938267522290303
-10.486276495035433
1.9493323142616177
1.7977931791887656
8.085891474689205
-1.3475882927637954
-0.7585497513819064
-7.452687993707634
-7.738292785412455
-21.536307364194784
4.478198300827074
-12.907398906832888
12.995933267775946
16.84626237727789
15.423888699677718
9.93713610423381
2.115370437133627
-3.7935725504445514
-13.159486618424936
-29.209566611180442
-32.196564312660236
-11.357751762128835
-2.111829699745577
-2.3168490356283513
3.3842921918802134
11.851166674665897
15.125228555842298
-17.930847537590765
6.695156964757587
-7.176258049761323
-0.5966002375491968
7.241838066633591
-4.600268436472476
3.914616894352491
4.406494244083262
18.647275027217482
6.276036780004531
-12.332835245122695
-19.154873371979512
-3.9380025582487193
5.882080314684316
-6.545181452850528
-4.610200269197236
-17.447373095051972
-16.79321606623136
-5.284294955532822
4.561403947933826
-8.303508307749986
-14.596627579300169
-10.906674038845757
-11.79718882485772
-0.5104654374037594
-14.43608688806684
-13.4057020344924
-20.33026927498655
1.7493044464624887
11.687333407819452
16.602293261272457
3.175019596305468
-18.52016707497809
22.196803437429693
8.431115396684767
11.803041200939532
-13.302540169864379
-1.182473067479108
18.269556312300622
-5.086921417250949
-8.489603814750865
1.6416915681772504
-0.5295923351774974
-18.50335488752861
-4.788484768499465
-2.9385318010779145
21.512852098533266
13.716991536530315
-9.015863994880213
21.05519619739914
20.27490209209089
-17.318565652046942
-17.34401330870277
6.856899089596652
13.11793054482711
-0.19589049397398384
-0.3942915929009203
-6.160950442562104
2.83768393158131
-2.6527723415116355
13.607123859568922
4.562524677435783
17.738521749054506
-17.759472389165346
-10.449735840900019
-20.093922432388773
7.022772120542123
10.531869156910588
-8.34270583495858
-14.500001537389217
-8.448095619841276
7.474385709056179
-9.527221883203403
-18.58825195468303
5.440384524977446
11.022150073715572
-16.90937651407112
-0.29883679559624454
-7.710743006263463
-4.444835823132827
-19.694651304280185
7.258044039220458
1.2030037602572534
-0.03930403761819434
-11.310671664786
1.0212716796911891
5.913838422914623
-9.48403342393037
-11.202952822586163
20.612626434662893
27.970256939774686
12.342501702284416
-14.177994562906228
-3.74374073690349
7.801439560393945
-29.46674867125998
-7.763541063683832
16.59510599423515
-2.765023543421151
-14.565682300297965
11.715003763583134
9.332383747731207
1.8628093874989986
-17.08419182814427
-7.191198829365717
13.889130903364396
-14.56224830228151
-27.638932489325498
3.532154306618047
-8.015205064368303
-8.844391744159067
18.67811510874037
4.174679194051151
4.146575369367987
-20.66441598161022
-6.932194735065387
-13.131222177286425
16.8970990624341
10.823471231878166
-4.452074327319906
17.153219394030593
4.306279873784696
10.06294957624847
-7.217954917258844
21.85495824906682
-6.25261077164609
7.472582850009296
-11.619980152115962
6.672281868799558
15.238844792531722
23.10012454788663
-8.75810820847618
21.392412428616453
-15.836695050839346
-11.323337878324466
13.376918708616408
-4.112311311361246
7.5788241870716675
13.669707728686646
-2.5492981950102447
35.681473274359426
11.790232933823155
30.415293677158672
1.707271686272108
-1.924358428969704
0.6236010965206518
-5.425013247909398
-8.35910484836608
2.9512429324789196
-17.247549372004606
-16.259500574247596
-2.573407265121034
-4.149148629727506
13.717681525876813
-17.61926320304569
0.2630897903136785
-20.94938549896488
-6.960772318604597
-12.968759434302122
28.8892793156057
-3.8170155603659524
-11.887550679402239
-23.34615580816437
-0.10149303324766379
6.614779212243249
-11.849972673793793
4.194019442318989
-1.5361480698882415
-22.46140428788997
-2.153739175937737
16.510726418729277
-6.276986636037833
9.063937752640236
6.733933100701492
0.41365712008182953
-22.291605340390625
-3.8939944494879057
3.884091496947788
-21.98612602837821
-1.2549481388699704
10.22577059007925
-17.1409724812685
4.895244456840665
14.63695413559229
-9.691062071927
-7.635700933846479
-25.378008124761763
-2.127371806867707
-25.764555613499482
-2.1161241990899384
19.554250995859128
11.465397560653926
4.182386751145373
2.3519027691268377
-14.571872978100835
15.564299870885371
22.043173293471547
3.8705005192574404
-0.6585726968505909
5.177060765020691
-2.9459514629406627
-15.99640927767193
19.32848588143323
-0.7546160268728173
8.847088535101257
10.287449821896232
-8.450430336113541
5.552002028487053
14.029834293934087
0.06276838588802036
1.1564691059158536
-1.7669623006854351
-16.62206072402887
2.6217460605678653
-2.0297241277943314
-11.534596010188856
-0.4425031021023993
4.604168563517298
-10.854665409992982
6.440371211413961
13.841421877647782
5.271620540771771
3.49282918041623
4.040736589490031
4.7639596498078305
-2.0252257054856884
11.012561795433129
4.346613113139085
-44.59251589432128
-1.666901746031109
1.4560975791540187
-5.146114459216129
-9.425657845544691
-11.160775483508246
22.037637034876987
-9.763491213839309
-11.900919194000423
12.621895461470196
-19.79501588111946
-2.824638215056673
3.8276583471731414
24.934938652186034
-5.9191529895244415
10.195284434399207
2.4081544179664576
-4.657692667628126
-32.37880357171053
-20.082168417307905
10.437176356088294
6.524608761804252
-15.723323480701175
17.250260933931045
-6.942318735782052
18.901322463888462
16.081948872065063
-28.387321352425623
-5.205368986188269
-6.081308901237726
9.076210855725826
-11.994112016228897
14.735595836538572
-5.03745318061754
-3.5761945946497566
10.897226118182452
21.382889718932034
-22.64293380237521
6.823012596556531
-2.3300134852371315
12.688687568523768
1.366699209567415
-18.342169148030486
8.103038468320406
10.446219651170956
-11.428953295047627
7.260096903293736
-12.50356821474692
0.8712920636576271
-5.04282727624404
11.174478322988492
2.435491765438343
-17.06813829581165
-8.569934975176068
-16.122745259909927
-0.862764018545704
8.293707572956826
2.0303190467999883
-2.5471342529961376
-1.7887264847977915
-7.221015841903061
2.9143637285565305
29.709710168472576
15.28026430340946
7.135651699707864
7.791755435743256
1.4564926550316102
9.858934277032382
2.728973007398352
1.4642655688812307
15.003893029884814
13.47971541687918
9.381376936826335
27.29516499302684
1.3886464333908393
-11.798448436000399
14.02450722002557
-4.2826042103274204
19.47538242800178
22.216488404337817
-11.311037454618742
1.2183231582608298
-6.926483061340164
2.5468831220891985
5.333790093979175
1.2568603471239967
-23.74526376368624
3.101282475674381
-2.117350734746509
-16.615631793424257
9.691116510168456
2.30947622350088
-5.202955653414939
-10.96046413722489
1.6926511120007035
-17.91099197491429
-17.221193652261775
-13.149080130825972
-25.04369696475122
-7.1488336048323955
-18.72136300749159
-8.098468551352346
-11.91191964555241
-2.5404504103208723
0.5368494755109765
1.82155432478136
-6.522664861661369
-8.420090097497699
2.4434874259358565
-5.52942563648088
0.6634193463230743
-8.692558306885829
-5.365920333688606
20.030557806089746
6.016670615661489
-6.1979698845191535
-5.178715543230965
7.841883442301196
-2.628177342530705
-16.084912928296795
7.935239273886914
-2.073430665836007
0.19105300073007925
5.848714850556391
-27.447354381589385
10.800861092009704
1.0150411929436274
8.750314457167931
-13.899505317129574
10.781952078278998
-0.8959711274837487
-16.12574693316229
-15.14154528721037
-13.636776914104011
-30.68288470421274
6.144155025530857
-19.574198717682677
8.573428801244354
-8.311035358583169
6.964100633173793
1.5429846329038526
-4.03908430658786
18.621158765826003
7.0816690680989325
-6.423128346309404
-7.59078968381143
21.088172445749294
-4.287208937882163
5.0054160633943
5.795190277325304
-7.413402890452083
-14.492256455728231
0.3479858456954191
-1.894715929234963
12.560769625684827
3.3550460631423817
-12.86498055065391
9.72462651244647
-36.02759839627407
-9.386628357063763
12.207018176377673
2.652381772226911
-12.047350843972396
19.03211475158131
20.637884948753552
6.97062542049116
-15.963461362445742
9.119260031721417
-23.1462761225108
-23.681182424119747
-2.5165595008335657
2.172110958025698
-18.07066581071141
-34.49183702299358
-7.245549086946859
7.806260533053681
20.995705178961032
-2.8517651808313147
2.1759035036775103
-22.541551227147693
14.557007279949673
-8.689065240050908
-2.708754110130322
0.9095658722103861
-8.167343837493824
-20.8370111264513
15.49907524484648
21.728219986643055
-20.872491465577234
-7.65534732304323
-1.5355190291318763
5.842163820860435
-13.016326301871253
-24.106442612045
-7.1514939059953875
9.734998678471072
-8.387776331052692
11.088707905368231
0.9388136466658707
7.505963028152877
6.721871234205466
15.258163391383953
-1.1249415214120548
15.914074440717776
-1.8525125302081733
-7.084148309930185
-20.06046649156103
-1.5842760352930374
6.088824699357687
-7.664681949816589
5.1372060626454115
-17.005639439017983
-10.417034259432214
-8.640274998798091
-16.420623333809505
-12.740597809066166
5.172987445477894
5.086301976387979
-7.314714592547787
4.923568123469238
6.575438805713063
-0.7965209327297984
-18.145766107486466
-7.48583854677468
7.6904689797852726
13.611029981860149
4.613051218054785
-3.6542574738047264
12.489858254343034
-20.981466815226618
1.8595850099153637
18.899141846793185
16.337238404767305
14.034962319956371
-13.055373414281306
-5.176468404293892
-3.999542854606269
4.663095158275439
-12.708446883344308
-9.535581978141323
3.268421582998819
-3.4684304303736155
16.274883973894298
-13.334907829152343
-0.3092826271386002
0.7153327229413833
-2.1460839968013947
7.48615724850702
-15.937523332417364
-17.375566145428728
3.887751341601181
-7.983902283371535
-4.345677452693465
17.573087853316494
-0.08114693140620954
-5.032830957477351
-37.859191683428364
19.07179664759915
-0.10040465411292843
-28.196536936285035
-10.472497456870897
6.755040126720168
7.632676260296883
-7.680297180650726
-4.11980875006671
1.3741197130183522
7.5426624349926215
6.196485848735435
-8.755212698791986
-2.6280741580079194
13.481642567482801
-11.139821106287513
6.559912184583965
-6.464703116732821
-1.2036879332049892
8.100827516812679
1.9396484459763603
4.695990515100064
5.2926083439175855
-16.090351976833
10.179942212876675
0.8404329449863823
10.935555041780212
2.5856827831063427
-24.640695179242236
-4.766641962337424
9.394903170126696
-21.745321065939528
2.6428627841229044
6.80455251436566
14.519231778682567
18.81221887194586
11.46592648511728
-2.0260375773950585
20.24541171713126
20.89352127698576
5.843170152520436
41.91618862362008
-19.191978302231036
11.51869637258342
-10.961637962410471
10.320322380513424
10.219965507730308
8.683123031280822
-13.300046201686875
-12.309113003427477
9.492486938187895
3.4333907263828536
-2.843374087387133
-6.657711266281346
2.2820634571807332
17.457318311744473
4.782579853813587
8.270442501984554
-14.425618879465546
9.261450952182614
-11.66891859007648
25.091089397255892
-1.9892940015734268
-4.224571466862159
-3.68289345381946
-22.100716334536017
23.03951078764826
-14.93121350141734
1.5527328035929386
-2.6727386623121987
-1.9801704582695692
7.100798958851236
-8.149405438306196
21.550004491639513
22.0943211574356
-32.734389469418616
9.041795191058249
-7.051302248730124
-6.02199867262464
4.933430534042202
-5.487478580671251
11.392520795242675
-0.9816145537704273
-27.5712802193026
20.25048559559496
-3.048996079920031
1.968397189015206
4.312519837765052
3.256623232439239
9.69087894001197
17.371059090135887
-19.55552475209202
-33.96804544961963
14.821526130103607
-22.83271437724087
-2.9825621497713826
4.399296782724697
28.356436295440574
-18.043882736184187
-20.205787593109854
10.553988777735462
-33.836450184410154
4.569798499166232
-6.419364089878876
0.014002292349069023
-7.382641956538777
-10.609858146420791
14.477361967834511
-0.4176819581188629
6.121825136625375
-18.753587705877457
-6.761414105071111
-0.9577915828285415
-8.99653102835056
-53.30239431986959
7.357160728423274
5.640893005382573
-23.99809388023189
5.712928736023003
-10.431028595188607
-6.0650109046928415
-6.828404220647597
4.200535375461783
14.37738820564826
17.25291959040264
-3.520135082146304
6.831062869789783
1.7251152176254934
-3.5186691904969862
-16.855572050953988
-18.046586826985468
14.686481402265358
-12.212900699605818
3.1693771693722397
11.265592950764763
-4.120659396554927
-6.210093768679749
21.16270854388351
16.441088540078752
7.96483696934871
1.1696076267192836
-19.847760001934375
19.387303853408454
7.018939546985358
-9.028741425929951
-22.121765189802893
22.13226392168884
-9.554239924007426
8.376075286743784
5.008093180319904
12.533604454993394
15.303279989313722
8.428465632840542
-3.33847353523047
3.393653071564892
0.29288644608289616
-1.3587033037767569
-18.003808838842815
-22.033961965996554
-13.280369046866596
4.865787427152895
-25.757447220338527
12.373118202617846
-8.975700133529173
8.240152255524755
-10.750633651603437
-10.588996774986931
-1.0683184403084311
-16.125311129100304
6.795464559510492
16.50047933046403
-4.874070085014815
11.016940666011273
11.305218167967167
-12.955253290271514
27.98987082556947
7.253783522947181
-0.6653187230945575
12.554900431780219
-7.438816386682937
-4.589947796873055
-7.308761873816167
-3.0185396661468644
17.510935014649796
-14.837943626176859
6.310549948623474
11.042250035755508
-29.40910939337516
1.501507877806624
5.228086035890129
-10.794750408174522
-2.2672527973410648
8.50692298464773
-10.582363088482772
2.780387048003533
-26.397424432743904
-0.21801061827012091
-20.58127956171184
-16.67471836257392
-0.17291842884258557
-10.239747052087232
-15.840543640768582
-21.143007222313877
13.463619154529049
9.292409217068354
-3.5173183729484805
-17.257104930276768
2.973053500532607
-20.189455748329152
-14.703651519580802
-12.711547143110025
5.005711291153219
18.766536740523563
-0.27157510840909543
-10.29809051030336
-4.107553177987775
9.223022491512111
9.951100731060805
17.144060378491304
6.554436608232912
11.637450206491003
16.29961707743516
13.020300358935259
-2.1465551387639863
-6.283474405059208
6.917328447300761
-7.293216185365566
18.039106586841434
-6.8384250936345055
7.746491639240524
-9.299912350312994
-4.448926943832383
2.101091971903088
-26.926571786917762
-10.357027063378638
3.5279055989250745
3.893496908387334
-15.71692049454451
13.24374347110426
2.5019053635575688
1.79550724564637
9.266958735645133
-10.84741511482649
13.631014952478004
-0.3474840200687766
-25.403871479395605
17.99355450840687
21.805390867166096
11.565356872503932
1.7236070320012897
22.750437934862497
1.4533994983840586
-11.270171312159988
4.417033343497636
19.360569585965195
-32.39649728708153
9.423395317306941
-31.20609302385759
4.322680210822227
-6.2331497722421645
-5.7639725397769865
9.675329180801718
-8.59277490309509
15.2063850211266
18.663065286097677
7.576207881332024
8.55342560791447
11.011350161807307
-24.01940701912408
-10.36839487972437
-5.7134792486928205
4.138411049480069
-1.5796581503498284
-13.818489201013099
29.95344210089467
-6.192719901216414
-12.08357898486235
-1.886968184689195
17.60416354017483
-8.751472886388086
-1.3072216675738701
-1.176160914161024
1.8135776204893546
3.0421262008736747
-3.8800999089652137
2.6616223734685818
10.235355761891377
-7.995205377822046
-3.6326936748795338
4.278028446806971
-17.679024117553
-5.271960286327044
31.99832812764035
28.401025908909133
-0.9871647028204364
20.693201441839165
3.7324064380088444
-12.373092862708871
7.696253256350126
16.766876218839826
-11.996735422759158
23.278261241121463
13.106646270493584
-5.633836763759639
-21.419695925309398
10.864523950506737
-12.674373743298482
-13.687787078352699
-19.34425529674879
13.223867883677471
14.817040800297228
1.6146899634475462
13.74286861613811
-12.630319163704073
14.028596681384215
8.652348365600965
9.104163113645441
-2.2505999389779703
2.362513651919677
-11.102279693125453
3.9053861090284987
-16.097289337200834
1.0115508020607038
17.15483499124346
16.1004359043311
0.37841086450085726
2.3618952690592323
8.046388887316844
29.94558079885362
9.009320288168205
-5.74414437391561
2.6731781298212667
12.919223865782712
4.791594738414922
7.510897861667289
-3.3497938625074113
-16.356772907227402
-11.719897696705871
-18.101881703486256
-2.9919282682394694
1.0614331723552723
4.805205096194527
-0.10701599348366386
-15.280542024813359
-20.749954499281344
-4.608473191177886
-2.274558512434851
-6.238246045491344
9.547392843946028
-9.776276239119795
-7.687538343540254
-0.8376028096049595
11.548118980554278
2.913462543279067
-3.6346719174061306
15.631624087835952
-12.439659862274226
7.793424817365278
-7.35257563696535
15.732046557307882
-12.020734914750257
-2.7192241304965847
3.120041559278519
-3.727764400905194
-0.252819398663263
5.634357084158047
-2.2397481671623467
19.3336382582563
-12.86301635720448
-0.7884240823130073
-3.3105817280472323
18.148583170251825
17.495092118346463
-12.8916764818076
-4.800285561410178
1.1266923521481829
4.064123231373891
0.1531260292728761
15.33307501302042
4.266092218121088
-19.784105603222258
9.737406324919007
10.350317107182562
14.185662331604888
16.664191683117018
-5.3621382045003685
-3.777565665187666
6.095906620127785
-19.781776406821045
0.2856565060785955
11.700626147970553
9.242669852474585
-11.768219597836037
10.74355240712687
-8.245913948517455
19.81848815492615
12.704885761425814
-6.825690185659653
4.901746026108192
28.67496815010535
12.663223246411441
31.719979928618066
5.302370837985464
27.54663849476389
13.32988486456501
16.19191431711313
0.2821926044353944
-4.294373752532977
8.015576446270572
-17.104978466019723
8.273314041055755
6.63487215425306
3.796870940631102
-15.746022440782873
-12.560056313920477
6.501965795983423
-16.775356294711692
-0.761481799210415
-6.405404250893525
23.085529640784124
-6.906197128053947
5.6984767767529405
34.857418608243385
-2.580850852835759
5.387145544834418
-17.384293341126885
-27.985614019966484
-7.7613167765137945
1.1971777247197153
-3.0668445107987594
-7.8330216197981315
2.1723987409732644
-26.687116546361345
4.9698269773114205
34.35105383556916
21.502178965162642
2.113725539606186
-11.373273501842199
-1.122945668800675
-18.04506663862012
-9.645336649369307
28.607407768004094
0.5440890977069657
-24.02932082229298
-12.9741395355977
0.9132480784266264
22.681262711421454
3.9615522859559533
-1.3446083961031547
-4.231031199044203
1.5808952340699989
8.684023428860094
-19.517988713219417
32.76676111661026
-2.638983522383427
-21.310164813082828
-2.609570608686625
1.6258695728373738
-15.594063273169887
-8.333859277143034
11.671870219392957
-7.470796388215454
-13.485170756424367
4.786465035664698
13.983526998767275
8.99882984761755
-24.158233889811555
6.595457015184252
21.46739496211646
-3.454775359067874
-6.953261396391183
-5.016236061138287
9.322424242468223
25.400323839835337
1.041281573110389
-0.3402028169947684
1.5944011389579842
1.5962924152972704
-9.041790262378164
-34.04935585189767
10.52365281917401
4.806329973714419
-8.285830844462481
14.280155127349994
-6.323061140509417
5.607456799375726
12.98848678477674
-3.529709075498964
6.149605345900746
0.7258274714802582
5.2823554257815175
0.7762679911482593
16.08443116931965
-1.4332254419694692
16.50611654214768
12.67443501114762
-6.014293541320008
-15.745919991343328
-6.28622703603159
19.659174839096487
26.93228319600857
-4.178062807021604
3.844155544464172
-12.561836449818855
9.556320295144268
26.120868427134887
7.556800728801008
-12.944534444992236
2.876777780122943
-33.027115488425174
-35.46768831024384
-4.416520545264092
-27.191848530802154
-10.755972177456833
-22.8765955702659
-10.97097463571869
-19.686951123627765
-0.7461516840988129
11.445985606818084
-20.12155186375564
-58.03583012648808
14.342321936419246
-1.3388132605140797
-17.61040695430306
23.54272273411147
-0.22875618600980396
10.877868005102926
17.88026090481442
-21.997403279186614
-4.626563752149593
-5.724873924486182
-2.996287220468645
1.9182000685576384
-8.589814258725411
3.4766459760182613
-43.580711536412764
-7.7242740941138806
-10.970658641262965
10.965656842408578
6.582024222166432
-9.696777658336522
-11.743859215634536
15.045708107824332
-7.26192908565254
18.668156476075808
-3.925284568158304
22.41698002421788
-1.4038822385670073
1.1870704433948873
-5.299490912975202
16.794336135450592
-10.498099642189587
13.864357269431459
5.424601609653379
1.0304305311626152
3.2526019909663546
-8.077625408208625
-23.914142619047723
-3.4340491739960726
-8.071510000481851
-1.9737090399015145
10.996647366957198
-7.615902502439916
16.454837423276643
28.22291117178184
-11.16922685266109
-14.793930934571648
-3.409524023096857
18.609067729599836
-15.096449687223334
-25.408158195614995
4.146223091975173
1.9749188604973398
5.614542475283713
-0.7588107586379138
24.536232117046595
19.38730559639096
-6.324736646081455
-2.0109553197984624
6.5891116093449895
10.083053967430324
1.3620343271694892
-8.141517710842507
9.139533368922812
-6.985239256973898
1.3767636034496888
4.219061186635692
-3.6056338461530477
-9.204178575097963
-16.128524047472048
-0.6442200278350327
-0.09453671497482935
9.959212730979566
10.450260708799767
8.991538743461277
6.798369715695365
-8.4959532176441
14.140700236446861
-4.480938673529224
20.918699765903504
19.017694040498967
4.529924193461525
26.013196772385115
18.66222255623736
-3.285216168422018
-13.805394235742604
14.651618961684711
-11.64873406143159
8.080446850972429
14.03598845335788
40.75867040341452
-11.003808660069197
-3.4426959262841876
9.254116817394838
-15.319944871860471
-3.7033578887618503
-3.0894931095440796
15.345695960589005
-15.228766608280617
5.4859634766467735
9.919063908861425
-7.252947601011471
13.766611370305071
11.80529987187036
-1.2308629223331735
27.182720885019883
7.746584174162386
-2.8451836619156694
-23.686151874961844
-15.023682243945132
-1.5809384638903055
-5.014977053362593
-10.153624055949024
-9.247454186682646
-1.1574920542899179
7.925951013628506
-3.18602715969633
-5.150342061375454
14.232021574573544
3.5977563434806537
-18.49841863777646
21.168580832094783
15.24641243153728
-14.27425714717006
-15.44037639154923
0.7203909355531759
9.915892583255841
2.3271491091508807
6.163316862599359
-11.985057306465372
-16.250295368244977
-14.856347459113572
-19.72020493193967
-22.013913214234215
7.9421718701035715
-0.01858425625544413
10.269518646675124
-9.874812999093777
8.167284301397295
3.463259285371485
-25.21421548927602
-8.108438458407363
-15.383216032309399
6.810176830910535
-5.445231790929078
29.596406691651147
4.577974873943695
-3.938400140783699
-19.235283344873423
15.609163433558244
-3.7380461421335767
-9.08847358046473
-17.210768833189633
-20.57659423133591
-7.187180360789164
-0.4206355375225499
2.7832888713554245
0.24640978819131432
-7.257924892356414
0.7504168039991015
6.892037023836529
6.5394197866837445
19.06700658473502
-23.065020497617766
-0.6907005261977377
9.082310520113765
25.622727592189776
-19.771449489654216
3.97520613500312
30.87522969803168
-6.623085406689356
-2.904393156565064
7.065813865063376
-0.1447108389492655
-14.59733025791509
-16.18675821476078
-35.174085664836426
8.242571364083481
-1.1417001576799208
6.719037423445748
-14.352108823042016
-15.284598338731485
-1.884274098317348
12.927696860599376
19.166230081955234
1.535005322459142
-1.1562991586693203
2.8818617524850074
-2.081237286235627
27.467400172144814
12.30900547120472
15.293044954144868
14.964313720722224
12.076378995971943
9.805109750254523
-6.421003194250716
-17.718849330351194
2.6230104931395104
9.67656444433048
28.28365987608673
4.206517467905854
-6.900778045441939
1.1474453270887466
-0.13139801100996357
-18.21974549292448
-17.701622602982667
2.841231382726093
23.64464051124844
-0.6299653603229203
-24.620733692697605
11.460823826742384
-7.280070939274452
17.446371203210226
-25.811086555990364
25.090424673242076
8.223035132176356
-8.446949806958592
8.348654904006267
-0.5847379253304865
7.395194540369083
1.0574621846902874
3.1984278440991716
2.354713780902685
18.640327035550577
-30.954531837833102
-33.24675490884548
3.8954344526226947
-6.926854513254604
4.746655239708133
-9.863754613886165
30.888403059412276
25.491446299395086
-13.758134134073273
1.9242318955936213
1.5767805974406386
-0.9575323324857977
1.4403989766831842
-8.021926487197845
6.55404956350273
1.7681322373035826
17.648129166724573
-12.875181628693454
-11.152892645274392
-7.979532058546681
7.491780646197213
-17.90269370021437
-1.4923571348317424
14.849989741306032
-1.298194139798539
7.335164083848313
3.7738492713781397
-11.042974511275915
-10.515701844855357
23.77750744103364
-8.26274475926067
-8.29801284052136
4.663686183027863
-17.173538160385725
3.2194703921077155
-7.740913605466169
14.841994722796237
-6.916031719816061
2.4678784264894276
11.450324344107258
-1.1473549262517437
-10.737462225231369
-11.293362353859749
18.04947292107356
-9.968818949702737
-3.507914739763528
-15.76787547431121
-6.61768955885571
22.63632286430603
2.856091104547048
3.0998979087402674
14.716878588408804
-12.08891876363257
-2.5926553385721434
-7.481422454560331
-3.3118136094308284
3.29631250334365
-10.421419802921378
21.28015600271329
7.472201593435911
-3.911551332983123
34.45292413437847
7.64492723198606
-3.4801773110439873
-1.1512797182581807
9.865316371167133
0.3197755650963072
-27.187277468601366
-3.0295299974969874
17.28837152668857
-1.387346892115012
8.893832430823032
-15.406406355976962
11.11775950306118
-2.1214174684079192
13.50455420536359
-10.619450782066295
-16.125623012749656
-2.4922078633925433
0.7555067814255807
-19.247584483948252
-16.19559630729141
21.647818770798068
-5.363885641150802
7.095633736570342
-2.38272180692141
13.899634922596249
11.729152073773434
-0.8075982662825107
1.674620585862634
21.053077350501248
-7.074784044032519
11.385810659213057
-8.467708308266623
13.952710785057263
-15.417757477334334
7.840368530756891
-25.04827836620492
14.575808197145989
10.71817589769465
-4.382930037493104
-14.866926190042761
-4.489685075710426
-22.2900407883852
-7.924294271830085
8.991993050727551
11.806833482383027
4.593100995819718
20.390161398519908
-10.550101342893313
-2.785968992597084
-5.02002014629047
17.000054668673933
-1.6787136998860819
7.81762094249202
7.358875768818784
5.090897445613592
-8.688360784017405
-9.502536393119584
6.004337587014518
-2.5091637784045986
0.5381714078198243
-17.269854105554415
-22.74546728426585
-4.564997876530661
-13.323784033618061
5.0413768311508775
0.22378052355220035
35.43531572239133
-10.877772481465051
-5.172062814811049
3.512094991204677
