averaged_values
-7.219480811531229
1.452106625882455
-6.003723591870251
12.484716778172608
-9.319273622047026
-11.096211874841758
-6.768324770497638
-19.094413627097353
-26.989265040024854
-27.32711539172027
-2.69546211096505
-6.42718784171225
-6.463638729601659
17.718496455068305
1.2705632547903305
5.804572232373797
-17.500421142095114
-20.108791084991324
-10.215444341956227
-32.48752464001388
11.450049764112512
-8.872146722292065
-1.7205461523485832
-9.859600284245808
-7.267206187282369
-7.6147437594155845
28.453583251998737
16.095114111778624
-9.065290958617766
-2.5782869007768365
36.269515184464346
-20.72630368067601
-7.504948690588204
15.369643492894324
-3.6959056815770674
-13.371107362122324
-7.374588331116842
15.613427368712292
-12.284031534966731
-37.225615877992816
18.37940638566765
-2.1653150469802824
11.210256253292
-14.319264998859207
-0.6679743226952501
0.13886276311390924
1.4257154325067727
12.38947153588193
-18.412754759778103
1.5301375360988818
2.7351185738869312
-3.870323963414437
-10.87640236194559
-16.534761879449988
3.3446677192187813
14.666220511601036
2.1493389790998347
18.221884742705097
13.089713934417214
-0.6902603822188065
19.813120033969373
18.81141885476627
-19.996604038415544
-11.892019814476347
-4.76333366922016
16.892309513213227
-41.16320940942077
-18.789420839849644
1.9167283912647786
13.373506970486273
-19.277760202686316
7.2036094256333705
2.0365002234271494
-5.362776964523025
-11.39212149985507
-7.463860168266191
-2.642876677463183
18.94077653001849
-2.6744169260727264
-1.3613415150229289
4.057724900194655
-15.26162379834768
-29.393187376011074
-0.9530377897527589
4.293861113377081
-11.641187782075239
13.940947588856282
3.9733856124022933
-3.390119041595218
-25.981049390353448
-8.22993194348883
39.71979163499868
-15.345087737550692
8.764766817873534
4.800325118248821
-27.702283537726352
11.28127258933122
20.551723784043848
1.880235603488245
13.517479181334686
-12.291834681712938
1.7862578264623954
3.1453497870319294
6.61883887319425
26.746502466058136
0.43477690480150954
-11.601316926787417
23.43081913324859
-9.80631088860382
2.550904197993295
-43.94521679619882
17.06587921292849
-22.11947067644668
7.213205409271426
3.26049487956416
-2.78057355706099
-20.077754931485842
5.171521753882173
-2.7565461857665463
-5.17221475262029
-12.570724006569147
11.339132691767722
-7.7104102212767724
0.6539247645554619
-14.095479932135333
-12.098296825055336
-3.9539716343686724
-6.316215506149515
6.042672897148211
22.02670676953732
6.981895778982486
42.056802890610605
-10.404489400607723
2.625909888691085
22.957636759209052
-21.155775987106132
-24.418204392768203
-3.4520868475537725
-12.541267857756708
-11.617148703274259
4.585496162152288
-22.878988053026575
-4.2609800146375045
1.0172738510033656
-10.393721489204772
-14.912993610813333
-2.861377718502508
11.321363719661898
-11.96486024189012
-20.176517899995034
-9.359454028624741
11.999121994862428
8.679794147346321
14.560828032930415
-31.019639766380067
-19.54481198619614
-11.886820541336318
-0.6415010123221899
-8.233742715056094
15.474052601562157
-17.122756102171337
-19.18854483345425
20.995661084020472
-16.86882720224623
1.6475648234683433
-0.9368789407563752
-4.640164574179601
2.1705518437013396
-9.686376046434292
-1.954972763499765
14.750609810929413
19.94228401057558
-20.95473536604444
-4.318398629905882
29.159211307214733
5.656308707468273
-7.367624387475802
3.5079121030840636
31.773515331545305
7.61588066780764
4.993799123038536
-3.0925880742222898
23.4851970315766
25.776146762289034
11.955691994445264
0.33733890367700936
-0.09341082169392362
3.1590799019579
12.928098719624558
-14.455411305811547
20.252084596706467
-28.937104591871893
-17.591244787543182
20.685672589235697
-18.408914197855253
-10.841678403573082
21.400649634054602
10.999530163618934
13.418209076680345
-12.836350632506317
0.4601792302934199
-5.976274497237903
-5.651608830828135
11.044441408411059
6.4708363962267015
-1.0771238576304856
29.023318977911686
-4.498430990891971
-14.38450319418353
-5.320881550047129
-1.98254416628524
-7.596856009267956
9.184367035670656
-8.267114547791026
-11.418353249671608
0.9133557533902145
-10.779349173282448
8.479594552096197
-7.871537272850961
-2.901057174531827
-4.622113560990808
5.949487394717469
-27.79933057977762
13.62797905273408
-14.613269554653195
-1.301636478300098
-12.498207543685671
9.936688422532681
-11.650222515275585
-3.322107400747367
-5.741222027937261
12.693910030617701
-18.979309043469797
1.9922957981137932
21.671590816791927
5.09446149843008
26.739440475007324
-16.314336228867337
-12.588481807775104
8.661790121276372
-2.2099289936974333
2.9167037355002368
3.1007428642848476
-6.625494412409517
28.41241666668416
-13.610528723109995
28.133339929216348
35.563997698311105
-17.569435851171676
11.032787631877186
-11.303951257796841
-7.492767092555498
13.833504708378115
-4.892359577101287
-0.9427284104135523
2.445619270394505
-8.517513160308397
14.520029788696073
-4.037534743880053
8.736282483393715
31.8554815014557
-12.052817311241853
7.191049538277159
3.996021974133735
5.484819281666126
15.771351672899256
-3.943829306159466
-4.667580645394925
5.567820359623362
8.962821257437545
3.673212191777768
-8.77862454197618
-15.237345824577394
-2.538667613019941
1.5234944903017715
-13.04916842057111
11.42106938352688
-11.565607600944102
-5.774823252907677
-5.488535175896503
-15.458504096479734
0.24091472316737533
-25.973665728855092
2.1939227301059563
1.6682995427895548
24.2011069645896
21.1152517643727
15.940571257989786
-23.210002356626465
10.17689905895352
-16.20141132436356
9.031938198589879
17.167726020375145
2.7961565452003123
1.2344017251002128
10.562460560252966
-20.361411123753093
20.940052762636906
7.190595527977501
-1.442234110786305
-8.452779760140405
-18.275896603013795
-0.522441831858541
22.787793831083743
-0.14122632732255724
-5.188664950814111
2.748151003948424
11.366398030644364
-12.03327059960001
9.613928170701598
2.99075044560993
10.835850237827177
-8.02951791306121
-14.268301166405983
11.194527227807713
3.7911161081207023
-14.618004019426728
5.236619099909095
11.731569168907555
11.329926286672926
19.801930009711057
9.937417926438034
23.405315863574465
1.8199849783041675
-9.806762282443733
1.03738802754674
-12.571729202448722
-2.838907465393725
-23.78042191099032
-0.7793077121009255
-29.644961366468262
2.6419336121043546
-18.402724247261087
-2.974028873999158
-15.735485753985706
-3.1706007134755225
-10.82720197135803
-8.260359168900996
30.955722827624918
3.3222515088986406
-9.21601449029632
21.21999669210822
-5.5889893818065115
10.599139932164254
-18.0787994896738
-20.002529833528516
1.1404893810244994
-11.287175563812035
-24.36816176936549
5.93759424756063
17.086252708235467
24.546175403638138
-17.324372993323255
-5.158587192453717
3.3426963142888377
-15.836436345807885
-16.80298537363988
-22.370467384271443
21.118629652471697
-20.414017582452672
-12.385115171305197
-9.986148750280968
4.0558684262028315
-9.700420345688052
13.276082899032055
14.339317379170954
-3.5253128007906076
6.588164253733077
-5.4105148396773535
-5.826589928862265
11.501942089930155
-6.737200765491202
-8.08265408754462
5.668535363210513
10.196586217793806
2.8033404746460135
38.10781819766563
4.141911350045534
-6.504655214264214
-2.404174361040608
-18.246207304615435
-2.1281535524472144
-6.36122643846186
3.514824376684105
-13.6121921715392
-0.9295797923592141
7.627901230407821
-13.390178896637003
-10.493136917054734
3.3939229353824296
3.3395581431025536
-15.010344259477215
-9.58072270912007
10.835325112842817
-30.997198306051708
-12.544944850269692
-5.458828638739931
-4.803956988731439
-9.857169824865982
-17.133437277651048
18.393636666581855
-15.128181207896723
-5.967901687758011
10.746660751943388
-12.995378057439593
-19.804883453384317
3.1569522821124725
24.63276699495721
10.180411706960825
-24.25232844113344
11.526114657953965
-14.570916980198556
-0.11547424355570474
-4.291279394325209
-11.758519537498614
12.974826437746405
-14.281043653374699
-24.025317423847348
28.63490515007333
6.422977068204678
2.2052989973492467
14.538424665042482
-5.564627593130776
-7.59566581593147
-14.452070181150289
-9.205295732569596
-4.5300786353845535
-24.81330567574688
-32.533273341137345
1.4568684042316198
-2.6790762201211056
-10.248244270271995
10.383933890821826
25.10122394730814
-27.46630257954946
9.027848459055207
-29.242356184534476
6.93937502178818
3.7399153825359597
2.039255497880081
-15.40706661223369
3.5600520602050696
-20.74293243732609
-10.046264529703466
-32.56221331058944
4.877749426463819
15.400141934985474
4.811200638547843
12.107501212308598
0.19078500331189543
2.923144710254538
28.513565221057704
0.5968878263193714
-7.369310394499653
-7.536407180640193
1.6450523593434556
-1.3083895261447656
-7.583919493631075
4.3588017381161075
0.5045697116172977
5.224163542359748
-3.13386509247327
15.414807238117207
19.172443887032742
-3.302319548710904
-11.538837479553179
11.2126866698053
1.3556186251117437
25.29027174288846
9.446019455670669
16.591301176780497
-11.499499643832372
-1.359036264663031
-9.667207840668333
-6.761786994869084
12.649511224057692
-11.306790486485774
14.151661413021275
-4.245157143992076
14.15076102252515
11.752516822055481
-31.216344722208433
8.033273083927147
-20.5630003424759
-6.101582981207456
-11.349204412349687
0.11297676466338362
-2.1994242834689586
-3.9723911288508336
-14.126543149122881
3.0463040506247534
-12.467647573850506
15.573071818410451
13.144379090945405
-11.613287565263837
-24.271951382954157
13.558261818925896
6.764029376708809
1.7716025679925262
29.520959995801263
-11.553243073234427
-5.092863056795128
3.821087791378656
3.0196013477360726
-3.4577875940804135
3.5363277462797194
4.615016031596315
-9.98129604612195
3.7222287494647364
-10.304231733614367
-19.62227743492645
23.796923501389617
4.07389728191686
11.675673297467073
6.53943529604676
14.975513701197148
-4.593546356157115
-15.543015275725928
-9.336040629784268
14.49035996431214
-6.75490330108459
10.323967925930674
-3.579842803118273
0.718490831682137
3.9067602938168084
-11.53474637153475
35.09618868140491
5.206721360769298
3.1364573378700444
7.994779122101701
13.33485805307321
-1.762690380759823
9.969105044400534
-10.478489874401577
13.009108462630312
12.537554875559664
-9.546944032065618
12.644295201838892
14.665502358082692
-6.859836619822264
-4.1282178458974546
25.34942390792618
16.62883594629814
-26.653770318483836
-16.237680358222363
-20.437162737429784
-8.01162718284838
0.38635723675820877
-9.247423927327036
-18.647724408518553
-5.282200417907031
-9.520520067602591
13.312464734966065
15.970703306572338
-3.463023466969102
-3.497792215286881
9.986229840141952
-19.587424504099076
34.04950062226973
-13.867776684255915
-27.61400855870458
10.914225786219625
-4.208365981536017
8.113424237051479
12.905819850324027
-9.093983436523343
5.702229536280612
-0.663412603349226
7.16742603436976
9.861345617558536
24.086839891131298
-2.7048693384485443
-1.9047267853401182
-34.649910423808386
-13.26823975481899
23.132933513268654
-9.900719633681515
17.22643082311063
0.5818531829963831
21.301280473936245
11.653637146297244
-1.1703983230891184
-12.314962877595402
12.344998938156685
4.435853095222914
11.710642697688222
2.6663230012997965
-8.109311309378617
2.4000411436306277
1.2524720657911972
19.392566074114487
11.19202933380886
2.6149419944655583
11.458060865175279
-1.9801905806931819
-0.9463689230666399
-8.426722016150475
-19.62969526172965
-3.556051224017662
9.424344960283614
-29.068391007652938
15.874298282126782
7.551982783143633
20.523485303889473
-27.96628822614718
3.7017563949894106
-6.306915984541364
-8.082079232065833
-27.210529442525825
9.062869912553257
-25.139352840095388
15.643526978745847
-13.320788796108262
3.1870319349698693
-4.6882223815657085
-1.8919071245984596
-5.155555487596204
8.04467948456817
-6.802834109884322
-5.341075087256851
-6.76779858885973
-5.0497548670689
-20.202149048172245
2.9284352874306276
-12.237985074613638
14.281358208827704
9.529619764399191
17.811980423685682
17.06976098190899
1.4455452512687323
-1.210792086280536
-13.807798112318245
-30.59293609745037
-31.360450211333372
-9.839642641443398
0.3598873407981704
-1.6815790476723675
8.68505051216219
14.964203242914559
12.839300345248928
-17.373143999383093
4.611459307498011
-11.882637925040845
-3.63302013931974
8.001997491684566
-5.642095193530228
8.035288279856067
-1.522112493133316
16.40926693094366
9.430173034572302
-14.533854424122104
-18.04419300633252
-5.173678759953835
3.216230729530145
-7.472190514711258
-4.05485462800725
-19.32167245982097
-17.69941983224567
-5.074776376948689
3.8237115739474223
-8.71239143764886
-10.580642458690091
-10.995351449993121
-14.011316323027039
2.665624542657125
-3.3303620665712064
-15.550602396618123
-22.7897079878303
-2.9244684009529087
8.834508502805242
14.902935002734669
5.950956599683305
-13.016507516408296
21.594738270324378
7.388605227723407
14.00897459620706
-14.849850812078191
1.9232276113307718
17.081058363143217
-12.273411329586443
-3.6298367382807535
-0.9207594804098722
-3.991444028513459
-22.85877967738587
-2.622587388411271
-6.013577548819705
24.77577939982848
18.36870424939295
-15.836969234648345
22.71692729252505
16.742040921465424
-18.11130500365857
-18.984847933656347
11.202519843127611
15.268652133279634
-7.652974816271075
0.5403779297442605
-4.32908656799727
4.815848452462928
-4.35065882637798
14.767124953786496
6.3246892709786
18.650584273627988
-21.732789835035547
-10.395040888126893
-21.032002565221493
7.718156368305624
9.547966057231214
-13.356662256318304
-16.105615464537305
-9.587700786478589
6.189825948430832
-7.917696483524313
-16.47498362493815
9.416398192100457
8.38110039315529
-16.653764336473934
-1.4924207676402768
-14.631848029981748
-2.461518165698095
-20.11635925526243
5.795471467895914
1.259335043658044
-2.8953569747762375
-11.348908826887936
-2.9540151865818314
-0.2261030954562637
-5.76841799035672
-10.629088952374051
21.250745158374194
28.659346866853596
13.69570574247764
-14.414728168708251
-7.977612787337417
10.901195722412082
-32.905343815090056
-7.218346343697817
17.083608854531807
4.492173207470352
-17.1857829118448
10.689912389903762
16.5968509275198
5.6071614397912315
-11.186701085207204
-9.977102355598918
18.275528654967086
-15.46070302473819
-30.12850497786737
5.2020265358491615
-8.726983417401748
-7.917431675016009
23.592777770255434
4.351117029149053
2.3712745131311315
-27.722324684313303
-11.825905885342003
-10.885655120437242
13.848424456726763
10.327062586896735
-2.1094233750836318
18.23544432482934
3.7103873971961843
4.810611703658733
-6.852425825285419
22.728947474500604
-9.491464656723227
4.078078270722027
-5.651012479992235
4.436393124721737
17.38410426287855
21.770364570312903
-7.7893970623575415
20.74914715116594
-24.942002767174245
-9.48768909689531
14.765539419965235
-5.201770900336097
5.713971400726867
20.009091325979952
-2.1924628856477
36.65630083149795
7.933531594646701
34.04576773294189
4.0324330503142045
-7.3501944490587015
2.61328180487679
-4.0242798617360656
-12.981163451993458
4.920508338463703
-17.53908633551235
-20.020275632511424
-1.1898247597710692
1.377340489079832
11.921695161438338
-17.575946368232707
3.0915704784164038
-22.355806618089858
-7.159520215389326
-14.989878449183164
24.859308163279323
-0.14567358071822273
-15.844621764611738
-25.070239371941135
-1.1159979247444767
3.5562732149854432
-11.247406367096499
13.708533909449272
-1.5992345924546814
-21.036140328044713
3.103279822701435
11.740043527202728
-5.611334585383734
1.8733783351205144
1.521445059945007
4.142801786852118
-22.170104279850865
-4.688100158598268
1.1757921379697065
-21.454143189666297
-1.1236405679406591
7.071343722639641
-12.872136431344806
3.7631380802852257
12.057500891050873
-11.453053964816487
-4.604080652414306
-29.168249262305153
-1.3363708662388374
-26.971963866049233
-8.825035530876546
17.77444540040275
13.88984651943414
6.46991505978791
1.1272580821835605
-15.04521881137154
18.050284900742767
20.93276524532687
6.702763187490676
-1.3023047689838008
3.648762627971602
-2.7801230200077405
-15.951358452183406
14.955535353472337
3.662274188636382
12.150283628386328
5.068834809998366
-2.094788147319851
4.679042273405277
7.616512330322242
1.377195209174567
3.569875294132345
-1.1174917837114624
-17.580500102836545
1.532384528787841
-4.799688281952778
-8.094188766415533
0.4819831153489342
5.159958990717119
-14.527077499402655
6.793206217123606
12.870645543259204
4.880279148015508
6.061081678967408
5.08100817227426
2.317298263450141
-2.562620504615296
16.589832268948605
3.51903567033333
-46.25616135376984
0.8070231085805197
2.8837509879962857
-2.449702602978656
-4.277457423214701
-17.404674844541553
20.530151821344564
-7.911318400831202
-19.855543996484982
13.328499509839089
-20.775793312872768
-2.6009295572011317
6.921034235430682
31.925468295652063
-9.173638687285486
4.635767645482645
0.10868230750114721
-2.7717856725758105
-29.910802778027644
-23.2006241225254
13.456947580153765
2.6327090304623684
-14.026133898663204
15.831669921353502
-7.584435437903924
22.22848212782588
19.246118429128558
-26.87186019188383
-6.395106633352195
-4.505447029558847
5.349314448206463
-14.764522322628501
11.7956802270756
-10.397711737559543
-5.488935611400462
13.089038776496855
21.739524797032033
-18.079369887315526
5.104882652153748
0.9494065008436192
13.753804107555446
0.6801003477386334
-11.866931430168355
6.191180953628248
6.745328502913704
-13.927733676513116
12.146984149421993
-12.694762813311545
4.07592195416485
-5.786109720769076
8.83531689758184
2.6662692010870583
-22.01028161841168
-9.399990763190708
-19.261506697473166
0.20735571379642811
6.346426546605064
3.866658922936539
-3.798181437720555
-2.7457300358442875
-6.228570262010483
4.986851628749014
26.76791163615941
15.960535915607831
3.772896151840036
3.245982868751055
2.9155195869070445
11.02983282088286
2.703514862505617
4.930030271505419
14.53562927994575
15.590778403850916
7.837614925902752
31.41586875858122
3.5826415559863247
-9.630239639431958
13.343342949426853
-3.079157931170332
18.73624346665559
15.005377385674223
-10.989480581938937
4.26015656299118
-14.02439292938247
1.1112537490908179
6.140847511746974
3.047581550384652
-26.212918652605325
3.581417090685199
-2.965472001258206
-9.51407296088453
7.48914576407762
2.251913234591762
-3.5768193932395005
-10.284862486458476
-1.3103953462739861
-15.256811844923394
-17.495680168760668
-8.314731377011274
-24.422299167273838
-6.875819478601752
-16.04305676142215
-7.180071714253476
-10.122416148201372
0.5168153613412043
-3.3053067400980374
5.005874613809182
-5.089864813674473
-8.181554393233919
4.433112699753025
2.7703399728676215
-2.4978125855964177
-9.268268343836448
-3.760826883133711
25.120171148425577
7.754924704404767
-8.764267684591655
-8.841332663114876
1.9257116136618544
-3.5189005381061205
-16.348950273680565
10.344841280771277
-4.6082359602858265
3.6512148108252043
-1.2537595231351115
-30.473680659412178
11.758780822438982
-6.2044507782506555
9.980787056709639
-13.280681915712174
16.773893464787662
-1.0207081700974234
-15.810878490760429
-15.571074186869525
-9.910604300912748
-31.607744454597235
5.970590110549533
-11.208507709462767
8.725089779748778
-10.511075174474875
2.6266533192299257
5.475547910332176
-5.500959776240169
20.718436700177065
9.490808901332933
-5.841615721029212
-0.8877886281449228
16.05321209219269
0.4051550105868892
4.833539453063884
3.373445354777475
-4.026417820015003
-19.690890550371996
2.8306378902784197
-4.458615728558887
7.547445546718639
1.2461930435289865
-13.649469256451347
2.537454973351639
-41.78713998419701
-10.481217193085623
10.39418708261848
5.559963954627026
-10.047540194210718
16.401675127506966
19.359362212351503
5.02755404831959
-18.456274842159715
12.260208123935122
-23.74302165486138
-26.28628782350278
-0.8761981839497194
-2.0368495419649806
-19.96133559343538
-39.098483276429015
-9.294903045469189
10.735099602624148
21.38674098192949
-6.063849696675949
0.5753809161478091
-19.527290379125205
19.090920846157356
-12.81710225373312
2.176413969948688
0.11942731063147466
-8.360122992097372
-21.38954264215984
13.271510576878187
18.388170557958848
-27.07117145209208
-11.533577227404859
-1.02094449389983
6.186941139650315
-13.569576956012064
-22.7739692353607
-0.09413559369085947
11.665617037631376
-7.867767889399959
6.782397842184348
-0.9361343371032009
6.927315803514091
6.078657132418281
15.467097281452062
-2.193484936031938
15.38325344145686
-4.318470585042756
-8.596921062321258
-17.605175274338453
-1.6329831038915918
9.088523821616516
-4.300174651304467
5.372137883645773
-23.423399555403396
-7.233168834925162
-14.554745558302203
-18.09299684445388
-13.207511415405877
3.4563656930829247
4.880855850514618
-5.5056732411771065
4.315785848544648
5.285100472461677
2.0175180733130653
-18.546387574065633
-5.849155560854809
10.7731266180184
10.378688262424284
4.198858682267318
-4.9022500822509905
9.788459111454964
-24.984724966426782
-0.58759636298718
16.253730395683547
19.16142967389665
13.627383818049992
-13.58840954730493
-2.652287788753957
-0.9409158601879553
7.550061629133754
-10.385782280966273
-14.13289895616176
3.8458527714205735
-2.7569755967180294
17.235130209805508
-14.689810887946416
-0.11005227541936193
3.0980933702420606
-4.148786705653439
7.557229057846627
-17.991030968543786
-20.537255214574134
-4.7606659331453915
-9.350844717670238
-8.854026424126163
18.866622963313876
-0.6827720202094145
-6.209230315208815
-41.294118298767074
20.14508928564051
2.3580322333682897
-25.052230241850324
-12.116512329720077
12.66153259411826
2.8343757249545583
-7.969942956726034
-5.977292109027571
3.7637469862435466
9.92572934983813
1.7922078313658223
-6.231423085905062
0.590456767345927
7.645565617212349
-17.388903621619388
11.406056081251721
-6.471003637702751
-4.231146647787385
1.6556988625725155
-6.285116600037993
2.936118363575373
6.286314708618158
-14.695177254078272
11.402291850088972
0.5666446377106872
12.114952836548794
1.9091111021182126
-23.603658853686046
-5.477567628520433
17.29827107425635
-23.96791974208024
9.705125883447133
3.2417375928009005
13.08292699309203
18.660299309049506
10.348537389207186
1.0123614354314567
18.61722227869268
20.63172545839682
6.216509705837442
44.057486073869406
-18.34592043811732
10.796577702951035
-10.715573253052842
15.548349911129273
16.183236605259918
11.424090668776094
-17.603004493632486
-13.275988680158074
10.086315650468046
1.7681847129380672
-4.597927750738084
-4.9712161515418405
-1.4273244837820458
16.06876021776892
3.3798586129783055
7.0426582944379525
-12.746528895461987
6.95576315067509
-9.439888050959253
24.315024990569263
-0.6116217781133868
-9.30666592416117
-4.154637960279757
-22.21038334241387
21.128465194152767
-11.06171569498705
1.5468284199477043
0.15299245572824954
-0.5375497232747521
9.249326776907246
-8.658616433889433
23.41443212246198
26.960463624614654
-38.98654271873509
3.4814219048742188
-4.249687840111714
-1.9217450214522798
9.557860439721331
-5.5925331635083735
12.128242904041928
5.253567311008665
-30.291486058954245
21.363107994450164
-7.325759929671152
-2.9398126598895007
0.6609770334356679
3.6702849177695276
16.43450303556271
17.670095043463945
-14.203036375001622
-36.810510706531616
17.012695039552213
-26.507540355725432
-1.050362179325595
3.174578956844736
31.789595990654465
-16.662198436070206
-24.06793838282304
11.166934098582399
-35.77684938298871
4.276669465829794
-6.578527336219874
-1.5055301747452619
-1.9670109228313177
-9.387509088524293
12.112017408687384
-2.7140453418833363
7.148442879653481
-22.964037069700453
-3.903103750817211
-2.709594935050736
-9.333900610871435
-56.62404337957663
10.120161096351897
2.3430251130438267
-21.793490900675685
2.980726486371487
-15.989271655960017
-9.360032425228557
-11.413296192982134
0.6993024041675153
19.028674010786602
13.011035115352705
-3.2910015704330156
8.066624854918413
-0.28157103432576513
-0.35466698733441754
-13.103301890963955
-14.311303180957546
10.805975340985274
-10.23709415440237
1.1206387501826338
8.56611218617686
-3.0817180579326284
-11.315893872843182
18.80424187561379
12.295081130264139
4.361065364998025
-0.30710065290538263
-21.3511797278947
22.340672083586416
8.384286589878943
-15.064913521067986
-22.049757987129297
21.476573258938163
-7.4597471682527425
11.32517036802594
6.393500215383777
12.121615694555025
16.238143135798147
8.12472162955643
-5.475357814710081
2.418827478915249
-1.9013375349888184
-0.8531056425323287
-15.197771317473133
-21.868042539485057
-11.489168226810225
8.6524413260316
-25.69942707630638
11.740366313794258
-1.127373075774453
-0.02707315950686014
-10.964370324024515
-1.454721335587493
-2.1822742103942563
-15.616278623488824
4.916148239440736
13.70299384084821
-4.067536609058361
13.364651190068404
12.736601138788826
-16.238483998544996
23.35233689004746
6.419612279014798
2.57914128333171
8.293680413545594
-11.106289849615738
-5.599349192409259
-4.261671278050671
-1.9723644090956485
17.063083558826467
-17.61051458052701
2.6413111008995647
7.74983983797722
-23.597438938541895
-3.0808782735506415
8.404572231097193
-9.05863722084903
-8.885079303460081
6.568527114087074
-11.430768559869572
-0.5550265721205202
-25.06170971541001
0.07795979302378288
-16.21452378435592
-16.879355192547756
6.487944863061462
-14.367925744929702
-23.51124951192769
-21.976565331433513
15.22283229727192
6.589822939806798
-3.4624344659971076
-16.16146586154398
1.9841923984404464
-27.942372487924164
-13.366798619419537
-14.717379448249469
1.2520844978782328
15.43604581409324
8.736465976655474
-8.70285178127544
-5.71677394658963
11.827677290657684
4.043557132433234
15.658350279080471
3.7214195218533854
7.495930373647364
11.615963321962141
15.759156695583629
-2.472775088818676
-4.756441753789334
1.9074263934901166
-6.55540242086692
16.53696741651936
-5.112639533983731
12.660419213484017
-12.635866975528907
-7.192532493676759
0.695686663273572
-31.11532640503895
-6.32714765436376
10.153507198598255
1.1228137311136095
-17.11685018881933
9.93528081533042
4.1863991346360825
-0.2366326979434693
11.69246215095216
-10.62899001538837
12.960734560617365
2.349557291799294
-20.139510374450023
21.346285426491146
25.5536906526893
6.612540316496431
2.890818531590033
20.33891412580201
2.268158476728533
-12.394058103964877
2.3023810496641612
14.403923771099052
-32.19038565262268
9.667936580746414
-32.91762619296601
1.6209331256359103
-6.020433219973187
-7.471695917686507
8.315488951229018
-8.180833892782763
14.390306322327907
9.545755310192568
1.0912428113980808
11.9255806207467
15.50892585049101
-22.848485031534963
-10.915665031639211
-4.765162577083174
4.8543340811008875
5.210165650591222
-9.841071366901831
28.83480238484388
-6.6198516462827275
-12.287444577100867
-7.816013265167887
15.058776409511978
-3.404889292413126
-0.7564083396547182
-1.6512600356205351
0.7548233992864304
3.214149610113932
-3.0445003950076455
6.36904671505634
6.717134817774638
-7.39216304746616
-0.5568799547535013
4.416336190746474
-12.369386562695704
-1.9039258420370022
28.534453052560064
25.94465014766088
3.1309679322756634
21.869279274491777
5.4744199982234
-11.761977378217855
10.307032266165386
21.669194871965747
-8.690676842699336
15.852964453572541
10.733831948186069
-3.3384563506843423
-18.56968091085521
8.422535433786853
-14.580165245717362
-12.117605168019054
-21.53733227945269
9.25711991562812
12.33592926163968
3.5137223319377173
13.287661769446222
-13.702173095810785
17.656740006492285
7.197156072692682
11.591071442275547
-0.5363702064020652
-1.3196302274166953
-10.703775565685056
2.5707283185376695
-16.26669031718909
4.158037540292973
15.332173013763018
20.520888247219734
1.8601562406999916
-2.789633904019499
4.996784501476081
34.03415847319653
8.842021587685837
-6.035537974391281
6.298937033166946
17.30070394751131
7.736176024848529
10.212878009458166
0.062361936944569346
-15.71613204932394
-8.489909699950893
-23.061633742261332
-1.345110083710602
-2.6344553693291806
3.068782701410969
-2.3570215926005145
-19.55885017746333
-18.036897306456098
-1.6902427108471538
-5.925873055427041
-4.67253782809946
16.00299340531096
-9.393293617689457
-5.161188683150186
3.478314564183427
11.632367087891733
1.6253703954183782
-1.1318840981548641
17.18142119404558
-11.599780581818344
3.73506889549713
-14.67012597873659
15.796862273723422
-10.288993497876355
1.1709751023010615
0.5881629820961063
-7.094004003910088
-0.7979441434816484
8.131685385578493
-4.2070765579790805
18.124455032818062
-15.738888433775438
0.9827229694071841
-1.7189449281269635
14.116069168712379
15.612891984085328
-11.255211258386124
-5.567459785581308
2.3314177598579793
7.882007949423149
-1.6650334820265646
11.597817574969739
9.00913662679496
-20.0609068391994
9.630104003947745
12.070438402205756
15.226037295536726
13.642304407643751
-6.931109590670094
-2.7041064869432443
7.3706161392800436
-23.17938243378653
-2.004850995600129
12.46001694652231
7.2914084254529365
-9.675233138777442
11.373647596341167
-10.533577267559423
22.54675257674131
11.727326012561491
-9.521993312190341
4.905661327940019
29.06394603080065
9.729308321480936
31.313551601584248
8.593388424071902
29.588124974422005
14.459888943602936
16.6454960466558
-4.716388584407456
-5.925517299552679
6.345672928185564
-9.339664488119992
9.417094002097826
5.119459256205216
8.563589482608437
-18.424988831833513
-11.448310302928071
4.302779338994538
-17.300291654557654
-2.102496716873241
-2.8660227907143048
18.015564220860732
-7.12660638601864
8.038772571709691
36.48994220948256
1.8741695198893353
4.589424598022924
-13.749344177015526
-26.988576268778097
-12.839537190507261
7.692380004187738
-4.479444986206447
-0.470002061866792
3.7185017657374746
-22.027962867333876
7.145151654164361
30.519623710510714
17.667067127649286
4.639299055855783
-11.633140172652324
-2.404589896291191
-19.482552064850772
-10.170182019829433
26.80444260592607
3.301226088914521
-24.72200992197864
-12.813824682568388
-1.0665288483164628
27.843586560598872
2.4815921880531686
-1.7756889830767635
1.8716166060359285
0.19095179478869284
8.723843291079703
-13.837200138557874
32.95636753539847
-3.5619215028616193
-20.149124993656457
-2.2837847648913194
2.7136843835145013
-15.987064942107784
-6.654475106631742
14.302412154413028
-8.793511889730475
-12.125087476113471
5.358741632915421
13.41683669702128
5.518523339989084
-26.202524401327487
9.932991781548695
24.181207426142905
-1.049848780939173
-10.004308622606036
-5.710564077476795
8.127831850978172
26.058817882617202
5.721068817676019
2.554854923212307
-3.489727148861859
-2.1030868262827225
-13.29684267985872
-33.15196857927581
7.583365861828889
9.173773971770592
-11.185458261135146
16.271066060315036
-7.590103760431854
0.3983505985689726
8.374326619132919
-7.141413777775572
10.671969451026428
1.404977842747706
9.25078460117518
3.880201210551342
16.391776555236227
-0.5971052360555816
15.654158605400044
7.558663065419501
-1.734845699284891
-18.812240197768105
-7.1335766616387275
21.573477977370718
27.60036113798772
-3.375810113197651
7.931388297153799
-9.406054790000418
7.189234616180695
25.092609487450257
12.163441434728924
-12.704839968750074
4.059590653727964
-33.91021242555923
-33.087994918806885
-8.412494960008717
-24.744763362753602
-15.743054065023731
-23.840631328238146
-13.639008107478515
-20.956704430454675
0.5727669208935864
14.7236138738566
-20.092821380817636
-54.653060846617386
19.170138465387843
-4.975063928204987
-16.54700116047941
24.981850285318917
0.46677049792945813
10.890754220980805
20.656547091758345
-17.06299369331598
-3.3292457453189885
-4.52082617407985
-4.164169137400876
-3.8049788178898485
-15.562856091990167
4.918323226216109
-46.76282875287026
-2.0628685816515717
-12.634602133887874
12.422662897845798
9.756643365067694
-5.837126847850748
-13.89349376418867
12.699059964584851
-5.816871825728971
21.131772168568787
2.551117628576916
18.71485584117399
3.671574069233537
2.12308899889623
-4.8668819907069825
16.70561608836907
-12.37749093622574
9.141792480477388
5.3594428667839225
0.3279679311424325
2.594363192403181
-1.785303192168543
-29.199649555695107
2.0387887600825008
-6.793525506869533
-0.8378675520385583
10.292830573125153
-8.828284411893447
15.13315402898737
25.83519941847856
-9.432533707056374
-9.928278193455542
-3.093595157927742
18.37054794828455
-13.851377985404541
-29.09987338879943
8.980436920105364
-2.6901513701124156
-0.11052323840221827
-3.006222240641304
24.656290905010508
20.617559830547677
-7.0638378730664835
-4.00105845566343
6.435238794536208
10.437703162213703
0.5028959544059591
-11.97861358008488
6.18044723927969
-9.205440245462475
2.695223520188449
9.641279833034544
-6.400592712747334
-12.182562289412074
-20.870949793916687
-3.5022848358758236
7.01436844766605
13.367404189667196
6.0727487686304915
9.320424479429992
4.043083041241861
-9.602887177365261
19.217623768734573
-7.4840504748650165
21.038264990321604
18.18531550831521
3.3441602823363517
22.20140893821623
17.55745584622415
1.0061845384326962
-12.991453069677297
10.290140687195928
-12.248963859454989
10.666975735124257
9.017409402858545
45.59300108929109
-17.89151028256656
-5.70386135967808
7.522933351626067
-15.975980601680577
-10.406551855293944
-5.154969173676052
21.016080028503282
-15.584606337911671
4.037631358264337
7.107834565615235
-7.004856586361689
16.168329376052107
12.947085578247364
-3.464576286604183
29.812524738578265
-0.3178932401449338
-3.998108052799845
-21.774215917527698
-18.593635637239913
-3.203680796808786
-5.531890976353733
-12.347003481317692
-8.097634294960276
-3.804828055811293
9.695030285984242
-3.3075112504447666
-8.466150629761943
13.633541506134598
-2.7827572119884514
-16.998238147908115
24.599083318513248
10.597726518293317
-14.076232041759116
-16.351582750872545
-0.5019047789649785
10.093174450455447
13.98626952743133
11.710605452936054
-10.210678035439965
-14.67802135936731
-16.23547128006883
-17.410832989317054
-22.105887134500414
13.917025596711682
2.398964790042309
10.842327641809792
-7.863824529329175
7.870592959870821
2.1147046164378853
-22.167268571963536
-9.528141655569689
-19.368747606830418
3.213428300592069
-5.634253159514982
25.01193882600549
8.09412942742879
-4.05519801849783
-21.86512864761368
14.873284376103495
-3.5512803504679513
-9.163989278818487
-18.300633764935597
-23.474331633723903
-2.795371668455251
6.175343859133733
7.404016441517276
0.5833431978025675
-8.188511292931132
1.0690073550482913
10.969165079219518
6.314417489020652
18.02453052897841
-16.60105753831097
3.321373717452941
10.40575239119292
27.591441536832953
-20.64393679427616
5.457004389380261
25.852940043688747
-8.484946455159868
-5.292008150785768
3.500143515632077
0.04289807113750044
-13.603400642087827
-14.417644109712102
-39.707434329004236
14.351425216285811
-1.2631580633062638
5.795361081623162
-13.431480604270174
-13.648310463922854
-2.706797742554604
18.0381076674439
22.098952099396882
-0.47328162459724077
-3.3249392825995585
3.6620904457789276
-8.14561547040304
30.466630634043966
12.635345032626933
14.440415921619433
13.00926605692461
8.546977621560469
7.9257584360885165
-5.92553032027895
-19.27656862776625
0.8957978449897692
2.3481211161983175
27.88981408690654
8.8351590091541
-4.0818821124379445
-3.943458787491838
2.6187381620815007
-19.486236251270125
-17.361078126206053
2.643332454027908
21.26360483203556
-1.1771207448294658
-24.528158739335964
11.483898780894785
-6.770099137973798
19.30291760754479
-26.144105674909238
26.815599472226616
5.395214579945256
-8.267149535193125
9.31873957641544
-1.7951232137340898
10.791848960357454
1.6529993557746474
1.0080905597616139
-1.9304272215420322
15.775212468381593
-38.39068407265516
-36.25994598801013
2.8865394438290144
-6.39755384953928
-2.162434970110433
-11.843934195618466
33.24440195536474
20.640372235516406
-17.351247267046027
0.0949190718729622
3.493897195879154
4.75732531596763
-3.1929800572737577
-5.149581212854836
7.222128172870583
6.8956500220525525
19.186259699757283
-15.468904588344069
-11.2509461204754
-9.238770418663758
10.499364424330809
-20.742153355264357
-0.888381248415164
21.435148672588923
-0.7723669650762178
9.603142536630722
5.76566877060885
-6.937851295671111
-11.755371497172717
21.678372368931903
-6.274817252586549
-9.123357191254875
3.740995903154909
-19.534493054995956
7.383003115216464
-1.9935526565702604
16.35632493322951
-7.236190425259508
1.7719112642241852
7.40447441895064
-3.8721910047190673
-7.544145755215343
-11.447210846945572
14.933591098252528
-15.346651516855397
-4.736570952535749
-24.264945693715145
-6.159617160357111
23.030362470312774
2.8693686834270817
1.7115925732406019
19.410772248311954
-9.965047050123973
-4.127306654954373
-7.361644217479172
-5.692534452536339
5.673544032721809
-8.993439880238022
17.814453376328068
8.033115212916792
-3.967421366854555
33.19292474997988
8.52735292572623
-3.032761482673168
4.601450162286619
13.681620575436208
0.3402220212591593
-28.587222384351282
-5.133503535965392
20.31569019085328
-2.569766336662566
6.306747026849071
-16.735825363317012
8.080264787049016
2.9336800009908788
12.583992772572767
-8.449753361252297
-16.32613791070649
-1.139249438788514
2.0458417952946966
-16.09138786746327
-16.409349579262702
17.633633222661057
-3.020012611622914
9.511087061079726
-0.14125340531122296
19.25623500587416
9.798149862765321
2.5608048156270016
8.022943586210621
20.174164852941587
-1.0456370089631928
11.47732448276438
-10.336005600868317
18.078540509155943
-22.715560475016876
6.288927907917279
-25.88322087729072
14.999507006420734
12.874889448520358
-3.247446184442702
-14.899012421367749
-8.617360950055193
-24.992725486077504
-10.454964753646756
13.79498348711813
10.727164063028276
3.4725209968826345
20.861403198410464
-9.350183485610419
-3.900411541940252
-3.7877425764841064
23.541991950522057
-5.371269078548743
13.372840797410916
8.532284750080269
2.8386410094381596
-11.983223479555598
-3.549790526841747
5.052759703862541
-1.0285775417310674
-4.004455001059774
-18.625931470516676
-20.324830250650926
-1.5841486096054713
-8.398601208244893
5.282213760894529
2.3200151430362785
36.746387720867396
-11.519292782375762
-3.4683228618913926
3.4014840767962746
