averaged_values
7.994035022224514
1.334495880414206
-4.932818643013416
17.565303116996454
-11.685196027735952
-9.063451240415715
8.998551578410591
-8.518098148284873
-23.13110790479294
-40.15616798610463
0.6886823737036085
-16.699339840164395
-17.391891468273975
35.466230051871506
0.5786392697465388
-2.549876559023959
-20.505386782849982
-21.329213297094768
-14.16043632148783
-14.508853974749107
6.317075980227758
-17.469962391195864
-7.25364725021328
-15.794324339421673
-11.904800201728856
-5.129312796248071
18.31490329524762
30.252289750715835
-1.0471030912702615
16.263850633462216
39.48500393156383
-30.081136328638802
-7.20395936082695
14.69308239500959
-8.910460578262054
-19.66837521133678
-10.156825665214226
18.211172759839066
-25.072755611447
-27.30361496838943
13.222976558816546
-15.261807970922211
20.53636429913694
-8.094983446288767
-2.2961313145954314
-0.5044991352776245
-1.262188633189229
11.1486529524239
-27.193597040227406
1.875288147776967
3.958369459194577
6.249560434388387
-20.390975106522927
-5.663396493305566
-2.6717265430121526
-4.209772486535162
-14.332265050895197
20.1489944720242
8.286187588824848
-13.538787112520415
8.94455130266028
28.212460678935166
-15.161014335396553
-12.661493484964277
-2.8820846195407803
8.052236040287116
-37.84576573340594
-21.422407684943593
6.861607870386269
31.293899173606693
-11.623636351402768
3.988719591582443
6.475223846123217
-11.161565106218015
-11.455707709820839
-4.466839972740932
13.195667445033967
30.68234322776553
-2.5527861327479435
-9.562927467871539
8.562393790127912
-17.72860527333942
-36.098271853265274
-2.246328276080476
4.1223037260917135
-13.43624217432542
7.919957904764923
-13.744112675588665
9.458519870278227
-14.6507177089192
-2.5315583041530427
32.65915879732867
-12.23572615540465
7.495938148462734
17.564802760552276
-23.78960161660675
4.4170668457641575
16.06254690128127
1.705307832623502
15.346932248480961
-17.281831753156585
18.735131187183374
-12.89560819021584
1.4579597333799565
34.6070127266877
-5.819303057069151
-25.78100911801689
10.18170158190252
-2.9236639964676936
1.9532672085153047
-25.66811943405036
19.993078770039567
-17.12521801838692
9.057521976064596
0.28587445284123614
13.211288882587933
-23.611310783469634
17.196629233209006
-1.7838787909483782
-18.097136515263305
-4.142659787478754
14.729206731183268
-1.757331669920008
4.6229625045142395
-30.21487968441848
-24.06818121154508
5.440418715655575
-9.37581941366909
-7.929227744831504
12.839019099957019
-0.011006435373676793
44.16742253932011
-11.501049815307505
9.928805518833038
17.51130896950221
-36.201034001295
-20.235513570809896
-1.582393512477022
-13.06721630938654
-11.537853109478903
2.106840074153885
-6.238126100197175
-9.182819706498636
-9.08556070451016
-6.576276694161136
-34.031221145123
-29.008673563786882
7.179601988467878
-16.01507850078316
-39.15715439267179
-7.702430046252967
10.710158505659578
7.270983138778796
12.610068160031789
-27.069480810650802
-14.37858899770851
-10.38950684378417
-6.642409123945492
8.259902606819132
0.19110322451193495
-17.263776884339535
-21.132210967972526
11.786320288398887
-9.179883295870889
13.44945931249755
-10.402487203286384
-13.419877201544699
-8.704259751366067
-20.783485756128336
-0.6868642304863233
17.608152024286404
2.726765647475677
-18.804701862515703
-16.631681171066877
16.850876733959595
4.627909495699393
0.5502623421368344
5.005124791765789
3.924617700037297
13.649595479930003
4.213365982377894
-14.889432748003113
24.162631793675885
12.970474177369969
6.46263925905868
7.253514537893647
-9.642189702482879
-1.1928948110304223
12.156312050615103
1.9676131389228662
11.59364981625542
-22.472835941960255
-27.008663335708544
12.47592395405653
-28.29242863540034
-16.79438653391859
17.200116373220837
16.10632124337728
3.6390746450851807
-3.4213526934055505
1.8436031903286434
-2.9536745008128165
-6.041041270127675
8.045492150405432
4.873923798395948
-3.361186808967579
17.19700930622379
-0.1605241573490375
-19.46884230701476
-7.110005368856461
-7.875914308441645
1.084580879773851
23.70065702565664
0.36558971089174186
-11.522338826286587
3.60401878243219
-1.364922105199945
7.335431342692944
-15.730018708576553
3.084902039245879
-1.9749962482889227
7.538353120172157
-37.082015408985406
4.47804492808023
5.561319202198565
0.4003833315148705
-11.82679961423405
11.874139816905918
-16.873283315214536
1.5851850703056967
-5.869773862243104
4.373531716696116
-23.57212682742222
1.9145139924981824
25.09043718844025
2.0903503109615915
19.569812462469663
-21.77983013485881
-15.081906558803501
9.37312158376135
-2.1784466814754904
-14.548730576747134
17.78038746256047
-11.288552139185635
22.39509268003252
-9.651145040676912
24.059301512574898
20.019147765436244
-20.209439432494143
4.763927339196401
-24.966842733780577
5.292300042791988
11.909792449598116
-18.57462234303653
-17.05198957058821
5.873369192191348
-15.094552359330605
0.7624264236307994
0.7848036714885911
8.6303319808691
21.701101311164336
-5.8244784869169735
14.800288259392566
-5.528127038381559
2.1737565942138293
2.930900513557104
-14.69977281481688
-12.84658829952305
-10.68770706605042
4.130431397765301
16.666888031243985
-19.18928680594515
-24.456199896460383
-3.6356430142217437
-0.49899095979645663
-7.124094976203596
16.22601422689579
-11.176130192273837
-1.1269447338192276
-13.651204506361855
-15.346121753359034
-9.403120221170814
-42.476759210713695
-9.87530916125377
-6.804498017288745
16.754869626730823
19.508108368623375
10.770702334753675
-30.39495849479406
12.64083182957299
-12.604008410136656
-6.626572649989079
6.80555670551567
-8.693786813119283
7.618138095822136
6.007895893907245
-24.4922171310523
25.95493109166974
-5.3761012977909335
3.4113436088751996
-5.544560568634186
-26.976617517207043
10.4671599349307
19.73248244101638
-17.25613436698347
7.49667594502635
7.464258528927584
2.6966263146066467
-9.196912267943157
-2.536986318585244
1.2066379973289665
-2.420096310187424
-22.662921996839206
-19.88784172175598
13.041170352732212
11.2836746107021
-19.96505514526004
1.791612074989379
17.753319973186645
-4.934550986939261
10.422858811918074
0.02792803312891401
29.024055158229537
-0.14744367094116306
-19.80777484432162
2.85403744957857
-0.3285763606632557
8.921236781856427
-16.48686563593236
15.344781117158242
-17.44602428138823
11.001790880674472
-7.734889910740277
-9.137950529606028
-9.89346659420267
-19.585638723135077
8.90454768461426
-10.305199293754175
35.21180627834605
4.905415950788495
7.257082603608824
24.865905834729624
0.9969407200125496
-2.415806665648491
-14.722155361555872
-8.48749420082459
-12.551540900057038
10.870428219251265
-31.522552360005406
9.518875361071089
11.3349869014605
8.265450109338138
-16.562476285777556
2.509330116610832
10.379699414294215
-18.084251122802087
-7.580369901533084
-15.088885645033294
23.880761069553955
-20.703885216623938
-18.60136628780878
-0.21334197573634484
19.4788807619752
0.573359753394761
9.312953159476404
27.307064374922756
-7.6348746032488695
15.753091315660459
-7.608791190071637
-0.4119028695796807
-0.2737362440295549
-3.144922244805036
-20.462517783020694
8.929125974120058
13.373231698084409
12.196809826327396
25.650941649435506
-8.098678176683183
-9.714247259023757
-7.97585431713375
-9.324414685860765
-14.25101593393005
8.355057987050289
15.205620291736308
-15.287373316293431
-1.1218237734861205
2.013241673885755
-7.987344402240414
-22.98232909619813
-2.052623536073966
0.4876688937806098
-13.177541368224004
-3.546232883885395
13.036549575258537
-37.066619480641435
-10.729640442754395
2.178548029437694
-1.9956581419090114
-4.279475830324314
-11.075971839383124
19.235248128404397
-9.291608723601312
-17.302278721212268
13.897844172065822
0.9089735202801066
-13.436535554344369
16.628233380158747
15.63248548137618
13.400443262996907
-10.151663521582142
6.594398192896966
-13.59440032468581
-8.747050809158685
4.864053078917831
-2.01715071111067
14.389453790865925
-3.2503957235012937
-33.285878248214644
23.82468384070804
12.857738101349714
16.642996444730684
7.165334487933352
1.851755642571515
-2.201516026408641
-10.26325819336259
-5.474489582988156
-14.930738199039249
-20.731786917168577
-31.715412071006853
10.247211233399407
2.95721500608779
4.4325863552764755
-2.116215852239497
2.210576875954801
-33.00127566640255
10.95230463014537
-27.884579281089167
1.8207767362462781
-6.670900332113055
18.117277301964247
-14.659707634466766
-1.352505862281275
-11.835448742070962
-11.319460597181907
-17.585870212433996
-12.287891026826793
17.825759121371213
15.841419788829807
13.166797426753597
19.411178772290448
1.9476469055752954
12.517177158928925
3.170415435025779
-1.287234836507318
6.525797174692828
-0.06514397419544338
3.8300985412554933
-16.087641129049175
-3.0251531717900764
1.4233592873559804
1.1468330269291922
-3.9041435550577894
15.420303124247779
20.727169795557955
1.0787849357009804
-28.676807890864662
3.883361423780226
-5.181500717478148
25.318399216438564
19.77757775371742
1.470766912278729
-30.416032213187343
8.105831114045126
-12.749970094336637
-6.566792451745531
16.42372544003487
-10.563190498558294
22.578524792435143
5.950602154163967
8.484153030236927
0.17586290768752566
-19.741743589312325
17.408326909883673
-11.170065015030184
-7.223127609875334
-5.820809609809368
-5.298059228216179
0.5618045232835662
3.974687996342036
-29.673813920830476
5.45371028004376
-11.503416941853454
1.5101438493962949
17.341606576802498
-7.339073319261514
-38.2631461826411
-7.133182399098844
1.0174133889542034
3.202120415037516
16.016317098833262
-10.99926880054398
-6.86911418893305
3.6757078015109723
-5.893446756987823
-6.944685488431018
2.6318750390287295
-4.441718386098318
-15.923488257446428
13.030466695667103
-15.870152882230496
-11.392156090020853
34.586516702701545
-0.5771043250950129
5.763347236814374
9.351631520002794
1.3547687418680798
-15.493396049009062
-12.287574474064177
-2.4921219943662365
17.760326535676484
2.8357166142049053
-2.2749425706012865
8.25537125517318
-3.864949105900901
-15.414882050642808
-2.265614618585726
9.84428965497895
-1.4380983089573913
-1.6185705093587757
0.9601084040153207
6.519373308981928
-6.288916615473632
2.2288911000802316
-4.036196226753804
4.513647019826676
-1.3312175424944073
0.24942240122977744
5.463113201552892
-1.5387927488276785
-1.7517914515591664
-5.444506590286003
26.97729449567772
15.453501646416008
-15.288651882300046
-20.236687763410476
-15.931988499249147
-10.508624111913338
10.034963839328567
-11.731200342097454
-29.786996439625355
7.740109986898695
-21.008799237633237
19.996192939874142
7.283818871588688
4.041200332624856
-19.671563401132865
6.730542566863122
-20.42072117638573
32.58617611123564
-4.9908178830355165
-21.036935269433105
13.798363664788187
-0.7959769755278889
16.420157573318775
3.4329196826758235
-12.683899968091557
-7.198369910104692
-19.003773720206013
10.334811346558688
13.605165339823769
21.6421765805898
-1.6635680594031648
11.288517721412607
-37.63681268692352
-32.116265275667736
18.70181088937038
-23.82036411757411
20.220080595194645
-14.448762672658486
13.825428946899336
12.700906327480606
-1.5476745009602784
-19.479935456746695
9.68880252602272
-3.2909042695695625
16.654631659352802
8.879466610916264
5.212640705881752
-0.0344123134294686
0.6186558800923692
18.290002703446667
9.325925630689712
-7.7203186135576995
27.123867220938628
-13.752395346294032
-2.090055664201474
-9.101150126509651
-19.866144443010516
2.221262743326804
1.6949191956226226
-21.940391019946027
17.008149362212592
13.778050981345551
20.921494782410363
-31.672289354581174
-1.6855816484844635
-11.299443976194967
1.1022936584039247
-28.70539883816821
13.779471753243453
-15.694301785845212
25.939505667632677
-16.41298946947471
-4.539895351920617
-2.5033875813853133
6.694652874337022
6.195735514366488
-2.296586633368718
3.448361813455106
-9.66297711348785
-5.746703454062946
-20.689816064033625
-32.741270033525474
14.106453104682622
-12.015081206821371
17.38748989388285
23.49341674874979
23.347723381316264
17.344798005449505
14.791900964987335
-2.006286106083449
-24.4573338189108
-29.33455892042158
-39.06845394629196
-13.541861448314362
-0.8049010175507245
-5.115885679508919
7.293279042980866
15.474627325729513
16.70932072883423
-14.14816540484495
11.931672593573689
-1.271170405069455
-4.167067894177631
-2.5539929135335355
-6.769345302045776
-6.946081772461664
6.1423635334946365
8.72236905461212
11.005133835311673
-2.468008396478623
-17.30926834362101
-8.356371318720635
5.829430888543163
4.512219795982164
5.99406357677684
-16.4785448131311
-11.454491426471696
4.997402201649191
8.411214131311631
-19.113378256020766
-18.244590141298243
-19.493016278918322
-10.875767414005137
-1.8594919842432096
-6.615204764587238
-1.4679709543030555
-17.46729957060193
-2.8290340249692143
13.962632361089968
14.861953171261138
20.519505652754702
0.5451691792524365
30.868858741882875
21.560995705995357
7.333864025795554
-5.707668317920987
-10.836464437246347
27.047216172409826
-5.562423002872908
0.3489129181820938
-2.9425400624430793
-22.176359557453537
-17.786134986837045
-5.999815596157985
-7.016344575207091
30.836033168214033
9.665952655551132
-8.142640458416892
10.252819538977715
11.412197545903267
-4.864945404004725
-24.128913647045813
-5.5100640760950945
11.127050159982952
0.3242616803542706
12.67748656225193
-13.049468246326262
-14.809386103475502
12.190511478634896
25.872613585722647
7.753344196451229
21.570807267946996
-19.55903775622488
-19.94712058058283
-21.514693711531546
-3.777443623458229
-0.5496091262880021
-9.692062291587712
-20.29643716569485
-9.35976847489947
21.793933697059625
-12.072391071695847
-13.00178133027151
3.059587399755179
-2.0577122948724846
-23.981136025501833
0.8457423486296671
-8.0202356604763
-16.57465105797445
-15.039913271699566
25.869551846531476
0.7923267959250708
0.866318779062329
-16.25458953356388
5.157839236034221
15.65204318295271
0.5224788371427245
5.788959183344286
20.300465671809814
21.98271934717947
23.131621842391834
-10.79247436452546
-15.26669315653852
-11.488280866468054
-25.932513378527158
-6.094069076930211
15.166975911095498
-7.324559930842758
-15.791162431877142
3.7429704823125824
12.129701287747757
1.004489256609487
-19.090042469015547
0.7433534651084075
17.44883219484302
-9.159940661605638
-42.48696989119249
7.904796544990239
-11.42044846783534
-14.169181911666803
6.45881861328796
7.978639723412099
-0.3851096578542029
-18.68850075175646
-4.816116524281075
-10.645553697951003
22.24832220227652
28.939069806613837
-27.719243925222763
14.484659131988348
6.750556662887394
13.466081979744777
-14.183122099216478
36.74409079049821
-4.917507486226246
-4.25830165981224
-17.243556218058828
-1.3687416674735626
10.636696371041733
23.037403485422033
1.2664196922871067
14.959631960104437
-14.04219708646337
-15.092366140148977
-0.0858626535274909
-7.646000662115686
5.144651309407283
20.428976755618763
2.895581467059788
27.756443668594613
12.429566158181071
36.66743300173208
-8.515921845004348
-4.528280908770881
-0.866253842491183
4.247145788561129
8.63545068032194
15.310093220745188
-8.799649182912804
-21.261493581724928
1.204157506949976
-9.04408899608862
19.08682733491838
-19.559995995699026
-3.317044026485707
-23.572182857759177
-9.562039889811205
-8.92868043179064
22.458439219345692
4.61197957717739
-13.904386494164727
-26.057526865791655
-7.226699990901009
11.752577114927643
-8.556645738598405
-1.0543999469654504
6.9558570759217755
-25.84177506272407
7.304522141394354
20.000407063593272
-20.372480380079097
2.055868340823331
-6.490555716741271
-19.427412262033627
-28.813058851511517
10.1363773088696
20.219075864350433
-19.5463548344238
7.088723663898701
0.3109081371987208
-21.277904546587276
-1.1193011650790976
4.421484780289436
-7.304957495312527
-15.958149469392753
-26.788767458380768
-1.2701190096949908
-33.71712006345952
-19.54846342291895
28.048100301163565
11.407717216005494
8.685754548622484
4.1179408695547774
-21.029852820930934
18.106772175738858
20.24733480589924
11.572621713121338
0.7379153185481895
-0.31917151251383646
-6.361009702971419
-23.264965564024184
34.957381774293026
-10.339248370830814
6.745520832059103
2.8751454184721617
-5.734895724499392
8.206502575157032
22.465502420084015
-6.307076230919911
12.519341596129882
-7.504479760694833
-9.270968433122603
3.8772343655981683
-12.448434042894963
0.1461606823183741
-5.444589298196583
0.6362164007026684
6.32371104331604
-7.713013738043722
13.57814565283067
13.695961496403964
10.05202664958816
0.9666771600092137
-5.729666503890105
-5.055595174497446
14.556803412733997
-9.914108583763031
-43.02697038694707
13.794336040384092
-2.852134223556442
0.6524408367413095
-14.43888639413859
-3.306645238620712
21.810352129001153
3.385316699959109
-0.42697167675995473
-5.475282451642893
-12.786720474751911
13.827750503071615
5.477268848644837
14.809498729578877
-11.285943936390893
21.841751439854605
4.023153207322146
-3.769909169918355
-18.452080935252262
-11.010439346908063
-7.4594569748646595
14.72114218979288
-11.710908741167659
11.956552627279313
5.209641398608648
24.07571689963929
16.48805847842237
-22.640829089290985
6.96889243561076
9.37740545556506
9.85050294123312
-20.351244682567327
11.761047222013014
-11.607711124868
-2.065222125585862
21.25863360091467
15.1558937711596
-27.114663584361193
12.889583395365495
2.082490261714291
16.131494709159284
-17.23247551124552
-17.8498843674704
17.197506938230536
8.575717213566879
-9.940288938761299
14.680180995865975
-14.299939106200322
7.352527073867275
-12.920500097559367
5.6520156859543516
-2.0904087335693404
-9.214099352577866
-11.737328916903987
-12.495844895194308
15.97490661589252
5.372181539352473
3.545334416603561
-11.802333052022005
1.569055442500483
-8.117274878551653
2.6970213941451373
24.807987478623286
11.536431722531272
10.139828088244498
6.466658623347829
0.7277068329044775
10.49617926750315
-2.8368436160532404
-4.793529482349639
15.428628056780674
2.6045673309134414
6.237241557611172
30.061455988659837
9.630946923340776
-5.998950407869076
20.934203322017794
-11.266092223208597
19.224960061360257
24.10943390900885
-17.85736549456741
5.817340174546999
-5.869336188329392
8.373981129754275
-10.340531102200691
0.1990336856989714
-30.66464996537562
14.708222628465455
-3.8763182492943677
-27.299529169061472
8.301445633162395
1.07657900165675
0.5723018789596119
-1.0509746739174357
0.7594998296275951
-5.530781581386689
-0.5573996151378522
-8.790139186484932
-9.052699753186111
-0.7702116274636877
-12.563403781139844
-6.9716371904715295
-8.697697215881194
-2.1804838874265258
12.402898607788561
0.30493509363646965
6.121219277427452
-7.289286199098511
10.515960298353965
-2.9801457310630592
-4.708302264611968
0.22444447516292243
-14.743850777728799
20.731260025020852
4.92048274551108
-7.082813809407758
3.8855067240726626
5.0196022745566165
0.561494690519277
-10.625755568471787
14.005660545073912
5.674853972872016
0.8415712623172595
7.379401365891759
-28.05648889621923
-5.206836724191254
-13.30227163769673
6.091252444130173
4.4196624867467325
5.944035935561665
-0.7630623595365584
-11.726776527499274
-26.968952858638442
-8.859637339302006
-28.02873376544286
3.1957966319506035
-24.967844107726773
9.097169642790188
-3.146489319255428
7.418673466812882
2.90170608358026
-11.344203667699023
13.559614985420184
14.85232723403666
0.32054511986149237
-21.62778341840633
17.264033822560584
-2.721220557431108
6.5622166769171795
-6.684235084116745
-3.6066473094254192
-15.81340978536135
14.66517356002872
-1.0232055066098678
19.705520869472227
5.501332335252711
-19.203380770419834
8.125524829232836
-36.7085798705039
-9.485683542916412
16.784958945022836
7.674481342965864
-18.934234239181006
14.596905815713793
23.920502612859572
-3.6133359816162045
-15.886363412681401
9.33468944039452
-24.534669647672775
-32.59907633611274
-16.528924137728055
7.423448483877662
-25.158834568487475
-21.965513984770265
-9.881256171139214
6.205269470756489
23.66769265339471
-10.69158440580003
10.949001942578414
-35.21266104769129
15.590030497938308
-7.3369749828037865
15.911896802665616
8.454492011978626
-5.818103253794435
-25.80781417993967
15.419849933782832
0.6136415221189009
-20.7718889439623
4.712686988064364
-4.951230758033066
14.630496228631088
-14.558717227814716
-16.881525179140038
-18.933195863161856
15.343203947517878
-8.930384092028836
-6.877704126277819
6.856765652998211
-1.489931811108482
0.25332565307055743
12.23712105233872
2.7214494871129755
21.61495028129626
-4.807163465687035
-25.797664550400135
-18.498782791294
-4.608527580060402
5.137300740141219
-11.721087017358586
7.857179347839944
-9.280669060824819
-6.467410883861298
-3.5278800887297628
-13.551084989384401
-2.915534700585472
21.092671640420356
10.051437544690893
-14.81978464484416
-8.54646276419332
4.455919362467602
4.53879756209583
-9.409566479752632
-1.1317398798337448
3.7893605132947314
12.323475930747257
6.43303373986153
0.31203066935775514
6.118739245717329
-16.982200178096566
-6.049984381530509
13.07803911425689
16.943819467338486
11.58054932912686
-5.917530733484134
-11.605081455926026
-1.0337780136313943
5.371200219637764
-23.549724329744155
-17.643647723255704
16.016243952925013
-17.344629273588957
20.01366583352257
-29.36782086285146
-5.907013411316093
4.382111351568388
-2.3571893886380497
12.079025984027467
8.351197957035879
-24.609901938359034
-0.9604177731478921
-12.322313077748875
3.9645889153304292
11.151148632344634
5.793639327830274
-0.9458318642880705
-33.896936995806925
6.492058823904825
9.180541694761127
-36.2447711028461
-4.88433173876377
18.090285145234397
7.021604560717554
1.305660470041417
-11.587831154765889
-0.11659760152729959
10.209060190300987
12.591067396186014
-13.301740767046264
0.7078617707313838
7.777446220237099
-9.231037528198845
-1.594686616443175
2.4543739065139594
6.283091925334309
21.6245038239502
15.778277040774201
-3.3399124729567635
25.353648380122326
-18.850398239343804
12.178456101825505
10.094126483469388
20.95718437042881
7.728724018782422
-31.909685689503494
-10.259410529299407
12.65084919733272
-21.721787702483194
-14.234487491747798
8.286596453967949
6.702653720038644
34.92624968844084
15.76138851587612
3.2903376783623575
15.599688047510218
11.072592134114538
6.524642501053217
56.451803844908476
-15.143025285601576
21.979767475387924
-8.52130503511698
12.229522009221446
18.752035703037368
10.537770562562475
-11.203750581590528
-16.971468558669997
11.143436592761153
6.740114659886709
-16.66114934408119
-3.072362503101278
5.723472432826075
11.648537382743806
8.08764616693651
7.756229691866496
-30.26957512082207
-5.308700537298005
-4.600202483579732
33.18034739697774
4.1996749298674345
-15.265555822410704
-3.4352218866318935
-25.016319329761334
16.399980574044182
-3.8364769573333017
3.120781282719861
-7.8129701299976535
-6.090946999428111
-8.419602589200041
-4.157374366667199
16.46831931192115
27.55375914665038
-44.868684896461744
5.768763184468424
-6.732689360184109
0.9025231115139478
25.848645864198353
-14.743377407062015
-2.3766467320065736
-15.639904133770228
-30.198727975101594
21.021456352813203
16.26654371563211
10.027686626483659
4.077525782337521
-1.2188188556340958
8.532973112779302
21.459159594598685
-23.030941122727242
-28.948631379625077
5.379915162083623
-26.0584137865177
-13.922974363863863
9.823782644620177
8.209927632161529
-15.450235648139794
-11.049788068895774
1.654708827925008
-8.924658579016038
3.0171831363311483
-0.08705025909383046
-4.963155424393738
7.623479621280749
-0.2562129246444885
9.640868791370606
4.8068620250647065
20.315520268556043
-13.727810043665142
-3.9450068241915446
20.22791857843305
-6.421771213420177
-64.59172172256005
14.695509548898402
13.399780084468087
-38.44026639505667
0.3874513870104703
-11.57227475774563
3.718517691992016
-10.761563758753217
9.304439826929984
20.422614038736665
16.144130149647008
9.514000447962054
21.233263306671248
1.4184052333018966
-7.1440299511282355
-8.427046434531073
-19.234205275149773
18.88013502831621
-4.005675249099395
8.268112247024868
6.204807068631599
-5.553131259335981
-5.791081048870508
2.2876586229042033
7.711200681414114
8.354224618065007
22.79440511708103
-12.926031740457498
30.339301807998318
16.753317438673246
-7.082586720915721
-17.60644902768591
27.236026911770573
-8.313506731510763
15.624708461603085
8.04180520448832
11.735528501897646
19.960513358265217
6.383316563676635
-11.915405341833727
9.922787156108692
2.061203881999427
8.855763616923422
-17.944282584442842
-8.12869465892904
-10.00777142240536
14.718199164471166
-26.339104750710007
33.60028556728468
-6.549000806473369
22.523964233683174
-23.938331555217676
-6.208986676872785
7.776235310757432
-5.877261137986924
4.062201166998658
10.578531998276384
-2.7201672002228814
-1.0996736622771588
3.050630564787559
1.1717026123125847
23.08629640382069
2.3574939532197625
5.769517858225553
10.174739578011655
-8.17512769566394
-5.8196169565148
-13.780970364167407
-6.258199174120463
14.064930508638934
-10.377763261882352
0.1464600457627725
7.192499111582668
-25.807330629491712
3.4669736059847276
-0.0010068679951535375
-6.512565142710606
-10.696568949642089
9.047754864647011
-0.4575089229267666
-5.581410061964375
-35.007727641129456
7.808446474619144
-32.771821043491514
-14.754018443684211
-3.308220254160437
-19.753781324906356
2.5147927089221014
-5.033118766187783
16.662122256962334
25.425121001957677
7.369916005805431
-14.924439338344689
8.994873283649856
-15.331492155371679
-21.898052464022058
-12.639301647663371
3.458040710327534
16.81230038612711
-8.678087940221014
-13.155840442294748
-13.176285197421496
-1.3381191251736801
14.71145227424531
15.432248483982212
1.5924003166230025
18.635885210593873
24.442578428376226
19.694865630805296
1.6227110955988326
-9.437625971832471
-4.986895819264582
6.629889457363621
27.11756474946743
-7.157982144176305
11.913323136485287
-0.8412873051598844
-1.359818998509745
-17.40607994340821
-24.497222685289014
-11.357423741079268
-2.0912189709092885
1.1618579375079214
-25.791090503219753
18.399803414050357
14.612253716995651
-7.43154516241281
3.9189789392605867
-5.356573782772912
15.854189553822605
-0.24476458728037165
-29.16654750761161
29.706845460836476
34.26657826741904
9.024269050691542
2.629022898028559
17.36930750622273
-1.2830842617890248
0.6896589291698518
10.560739804720688
5.978812270319439
-27.917256134462345
11.471736955933716
-16.697157558886367
0.7981218973629218
0.05994531878596909
-20.543886046068963
14.447510446718612
-7.363295134689288
36.08909178447482
5.451964523555638
5.452737174562403
19.226581856225838
5.344447262553299
-17.91202067395676
-1.4001689711115208
-17.34703152842017
3.0149467831041488
-1.3190680120730267
-20.873357909387497
39.403540012328776
-14.672348725752196
-3.918890602845204
-2.448428281497756
29.14309445794722
-13.660956888113082
5.285462705085937
-5.191976614540492
-4.791430204741088
-4.226837409751443
3.3745835465658303
-6.9107772889624695
33.38047074484335
-7.305216464389629
2.6786473797987185
0.672034778499885
-4.0941293645919945
1.2316436620638354
37.19215992108189
26.788100886727612
-18.724720115814165
24.226805837108678
2.818168324928287
-9.99777918723282
3.7211506607331524
15.78117853152348
-13.738998242097678
15.039671086149005
1.5496708045482401
-0.3545250247294439
-28.505739953374235
5.998334667548608
-26.035563165613713
-14.260543585987397
-10.87915293114631
5.327747037134162
20.981943222930482
-8.586766613020327
17.53119967004646
-12.47654142354022
13.172621829599453
-1.0818165644622528
22.682379280533503
-3.9308516831314133
10.803716555297942
5.202157437426166
-9.21619339461762
-4.772951047245892
24.5366570309682
17.42391034099078
6.057408210931228
15.937884527364904
-5.750083980435537
13.531438179673048
24.141357273696126
5.403805488781366
-0.8010366063487011
-5.775234742908976
9.839827213826824
-1.7200539506398036
-2.6224782028545306
-22.006994865176573
-18.435024534080355
-8.87066029588278
-30.88939111340753
-10.82072908621384
-8.64362884477458
3.2705269558540913
6.839053716210783
-16.477154567794962
-19.704525783535072
6.923135962518888
-13.400657179863819
-6.818934049008188
0.06062037200818615
-7.42610980837506
-1.5080510474853703
10.539426394366137
4.36525901445102
0.35546864522427957
-9.897795662179103
14.625184072488867
-6.172597639469842
5.032067274167634
6.411569847463699
15.359522464233496
-22.569218205394066
-6.292281376460549
5.551828117780033
9.378072015581862
-12.058004074328352
-12.77378643942226
3.3907537548937814
14.884132488513044
-4.559687997397413
4.369926649806645
15.024993057077047
10.759339643121884
20.117784856711797
-20.316839785283598
11.152716409012305
-16.553920150936737
2.198532474672844
-7.4962253574272175
26.174947644768437
11.448619503628354
-25.117093133676818
19.252424920056406
16.55086479776925
16.18913775882761
20.19473111831099
2.6188496707529083
-6.758488186592446
1.2472787782913777
-11.022515620354023
-6.981385920467837
-0.6871456221703538
4.920755390132538
-15.831040059445117
11.15927585653237
-11.791440208659802
9.359599569895284
6.737556702974981
-16.72490956035538
5.03531769294101
13.897673022900017
16.327101208775858
38.28591198935928
-4.958948394024718
17.222874392296912
8.985519498592168
9.031788337132104
6.819251951609301
5.853873532544165
4.26843800483141
-12.640262666058034
5.7895550164699685
5.164288627784474
2.0555107210386936
-7.87432105528977
-3.5380122025347944
22.525611622755697
-8.265802746232438
-6.789715446111867
-18.20290948267745
28.053923404206515
-3.8089067097103158
4.867050341785639
33.25453730598899
-13.573568513955761
-4.979839178282024
-7.499855019825089
-35.29385856887154
-19.083966507985732
-1.0455079468703854
-1.8960847610171943
1.518044703252897
7.283610444816327
-15.674694763548985
0.6717444836106525
36.05314524653737
11.553191416775745
7.371784236596272
-24.535514312240274
1.2607304729575564
-17.63115893098387
5.863345097089117
21.21036723753545
11.692642485193232
-22.99974760979317
-17.849957745736603
6.4862001729765115
18.273218336733088
-3.700150640841164
5.502641632497655
-4.122834233275292
7.43204385907479
-2.9632899617487625
-21.5154867393024
24.577984344811064
-19.562034369523786
-22.244000887934963
2.0536125337025037
-10.697851487076758
-11.328606452327636
-10.234602856192963
10.280199619865263
-6.075232572301614
-11.894373035996699
11.84998891265511
12.275636051399355
3.230924710478332
-9.867105400395902
-0.9547800105926608
37.16619830801279
-6.670936793129151
-11.628153878791826
-7.724930610531448
8.794383305588482
20.811541428966457
-1.851875324726608
-1.823157527694688
-3.560816811474965
10.162686496969291
-10.808540088949773
-28.856161792672516
11.315499326643549
10.649033438951955
-4.939201270091624
22.304635335800597
1.6349884618741066
2.310132112077486
15.597780908715013
-4.754155125319615
-0.8216133315840342
4.643432205948882
-1.7095314190987736
-4.4123316656202505
19.906329497609537
-2.014661060597064
8.594881233718471
17.59180966284678
0.622671123434305
-10.95131643723663
-8.651292797100174
13.593143137393902
23.83644300713226
-4.35150773960901
21.410418114803992
-8.141345766671105
11.137374789402532
42.72379048418693
-3.2977060378516025
-14.45717721108113
14.053281055875186
-22.27040528049594
-33.69390549198502
-5.931427807170884
-13.221297277933308
-8.912127024898156
-16.03906694168043
-11.874954152313087
-33.971428366919035
14.30246602721445
8.838817138928047
-29.549873527944914
-50.734059217012366
12.682479992896054
-4.858556555182348
-7.501722627218635
8.107701507882604
11.808846945011096
15.522456391395735
13.589454057822618
-28.463648791518583
-6.568772241509045
-14.919803959263263
-9.400527811034125
-3.9794918179838326
-2.9402382856114837
-7.60854035543716
-42.41634683974026
-18.211695340668726
-7.083418450194658
22.448009308436376
11.468978427402385
-9.54787334595564
-19.650658974138125
6.532753866540208
8.51907143598561
22.869920423197286
-8.869405731251376
25.05831353991062
0.27384134293619744
-3.607277262168772
-10.808745116641377
19.686335227662628
-11.761982737336234
34.660585802638465
0.8911993696457579
1.6845592045488935
8.92657327807284
-16.078047128334568
-23.14316808228475
8.698362493687073
-1.9781310854465826
-2.012106462850861
10.96179538384113
-14.096325999914159
5.59693065967009
19.6727579751172
-4.056911741176638
-8.225066193008141
-13.058883508136685
9.109261452934229
-11.568138490112078
-16.37117178120733
1.2730879275798834
-5.554903919805746
9.401332603158806
-3.5605226920531976
11.278266715541049
17.182970893076792
-14.390550928253974
4.447961951892093
11.575911599889356
6.148028777097975
10.112142190383972
-7.764549237727989
8.50959571172553
6.9178481451485965
16.958015767444188
2.6923899858652476
0.8309753098335585
2.6570105968951943
-17.861046721622323
-2.0369373058909144
-4.27584116681904
-5.825889160566298
3.631149897920489
10.541484767316069
13.274431663953568
-1.2820989970659635
17.27946503708027
2.2199298995694616
16.43215167615043
15.942239727223408
14.271178017479876
14.85045955423994
9.883663173849259
-24.396553490044948
-18.320421142765234
21.353398839816293
-10.399594864200479
18.258659167040328
25.699550907103283
49.500705218828124
-19.514126385425442
-13.976131125815138
11.52108418230205
-23.447911866217616
9.201720311717594
-2.4901636075434315
8.738015286409674
-36.58958858213948
-5.593556589747891
23.130324281991985
-11.287815302509728
31.284627557472977
20.918290265172637
6.8094631908323855
21.879121846490122
15.83292223234332
-13.392433201944177
-38.03147496301063
-18.82536396091684
-8.480032211930705
1.426361824578258
-6.067171140804666
-17.603927326020475
-0.22818711352520016
-1.383659620192546
-12.147135775105287
-8.001700437880915
4.124012167921222
17.56227181350816
-20.681563430573828
14.2804666796757
13.195757939704867
-21.37422274146247
-14.556127458462376
0.54294848036081
12.09036763205948
-3.0421239874696617
4.817006711680005
-16.01562971139062
-17.013235545555226
-8.26683166842892
-15.356744250620688
-24.06880448594456
10.192706368509032
4.8121678155000716
21.702955863184727
-13.859027900623447
9.78968044406056
9.614786437119262
-29.496580144370693
12.922455080848394
-27.125892304653743
6.097677778246327
-8.085101516885361
29.714705185914497
-6.690279870955168
-8.052883077300795
-5.892193139874349
11.283060544841257
0.88704941845101
-4.981393270866636
-3.1180548998898416
-25.850436873572626
-16.983200968392154
-4.649146641653449
3.1993959502415716
-15.749413902852874
0.814264578102204
20.14496602130988
8.176459409528416
-1.392389973798828
17.021656945038156
-14.640390187936072
5.262355825224333
2.1288328677715835
14.037313735281176
-28.430379869470073
-6.377438243429177
46.362177319580155
5.669126083410662
1.3421029619635156
16.423962964090904
-2.8786335468602093
-13.899089420844737
-18.69924104681808
-23.675111601188053
13.700633671281523
-8.707065233145382
6.8794763371810745
-10.917256568356471
-15.407922451739791
5.153766153609954
22.119197391495085
15.917037626402697
4.371769492248317
-6.131768264796374
5.033336929421438
1.472371164984228
19.6656789971915
14.751489067932628
17.950233575352584
13.398496546639464
15.226479077356922
-0.6755077888857675
-8.940109554810908
-33.000370176272476
8.782068090926037
4.134198416478551
23.028813268134822
6.992148256392001
-10.135491940743071
0.6851231517251666
-3.9102135996832352
-2.699837146451534
-13.175128892921387
12.977311675510176
20.676914038588208
8.603975192570886
-19.207927040959085
2.002106242451072
-0.964222994251088
25.078511220608505
-6.007686546773076
41.91331628207024
5.497648111380066
-1.6446861839201805
16.24589074912636
2.324731043888061
-3.2868369956401473
-7.127210158909204
4.064132178315047
1.2280930955872673
9.94806744816751
-28.539583229096984
-37.70521145102084
-0.20725179788342984
-16.77774169086704
-1.740482700695981
-16.071077864513132
26.260359672712234
18.24895263210571
-22.139298324008664
-5.248572722824893
9.69232535100309
4.47237691399739
-4.291237138839213
-14.444845433275104
10.132364993221547
6.219499095033617
7.0124964236132055
-20.236020289013652
0.8607047810697633
-28.49039272437215
-1.3161951071522058
-17.964867375268398
-4.42921387713986
9.914462469661492
5.270219809026646
2.017645097834297
6.437219283700571
-9.221384487178929
-21.91845633265382
21.133717854616794
13.126578900727214
-8.107649988599887
13.887183203036013
-20.4909498295571
12.365743191842903
-2.5536595345051225
22.997224054626557
-11.366910141625658
2.0212667748270725
5.700964312672392
-4.917387840050781
-6.392824634878972
-13.071204628438968
14.590633610845806
-20.802685410925577
-1.0499455377253462
-8.668995179682886
-9.214612633601753
23.723695053059515
12.771624480383675
1.053271041946074
12.693871997321674
-17.63734103863353
-22.688896159917057
-9.000043110544254
-18.77159751685881
-1.1724179578838605
-3.4277656430443724
33.114739477473144
17.33722873241761
-22.53959016447426
27.67528500401255
0.08742321932003161
-8.08410146840788
6.270581869387875
8.933773646716396
-2.285932285703323
-26.051271805728618
1.6660670416353422
23.345560575421356
-1.0976054214981819
5.636481422582351
-9.264136918118647
18.073600482131177
-3.8889590850236893
3.5904414235817868
-4.832464504253984
-32.888231451180566
3.432319105370805
15.536660699488078
-18.341078019474793
-21.71193287465863
23.444432334055858
-5.592763845091788
2.370990150400015
1.9552363371399295
15.433697986709745
7.934458945476821
-0.15010353072854676
5.570257102979619
19.145006233052666
-8.836622431963571
2.549541269489966
-1.1814372058045066
17.107655549479226
-2.0543615195995564
-5.005980530524436
-11.050000827246352
5.460154388749201
-0.5537105928311503
-5.3295186921759345
-6.014092706199579
-4.841896094562335
-22.531242843697978
-1.5653761468133016
12.803171725032511
7.34465675469175
1.9488248884046069
23.86260966003112
-20.282726069019972
1.3798538530646116
-4.369479609802864
30.84177772743338
-8.420502009162576
10.582294626068858
-0.7382083471959857
3.045276872057215
-5.197720120065966
-3.410190463342264
10.899427769918706
5.536044142100181
-7.880195662325507
-15.83884099796938
-30.5716395787557
-5.240293975692719
-13.236311642619947
-2.628188567229923
17.540363202561522
38.98170011927453
-8.39659712922758
-16.264723367968
-3.148596011339894
