averaged_values
8.391796189678331
4.756758105308933
-3.322202864792999
16.362843550235013
-13.54590192109441
-5.770662576186183
13.86345885952727
-5.7485472255054475
-16.54198509400183
-40.42002117556122
4.139306417295771
-21.223376121100646
-20.28989331470666
40.479040689141314
-0.516878256163764
-4.726475797044671
-19.632660615857063
-17.70168799683071
-5.390863220350882
-7.992846442795453
0.3915874364006555
-21.112010424721547
-7.528911958538017
-16.174551778538472
-11.36194627257538
-2.597736906968308
17.97943320992661
32.87467222629623
5.372489493319165
19.852828731141184
40.28931734217831
-29.099793301900863
-8.874814193873604
8.881215181194051
-9.985896896543139
-16.585811220824425
-11.104057700863633
15.755759608856394
-19.853602663449692
-22.293138483919293
12.536340326309912
-20.476598731066588
20.024900614234387
-1.4565580627815535
0.29807985859291386
2.756231798757355
0.281181315905386
10.796641009457062
-29.297149694926247
-0.8325453643221299
-0.948796571177553
5.270951028655759
-12.109249408913072
-0.27709387876851066
-6.120124301024078
-9.771167065296652
-18.550407779427672
19.64915511447532
4.527505211165391
-16.632877844034823
10.206455890915691
29.757628213262052
-12.178304134529569
-13.031784760644996
-5.757599936551401
5.1992234064571505
-33.750855802904546
-26.098786811001716
3.6999698908208956
33.290256497822526
-6.335842118010847
6.049284437642356
13.015210668427144
-12.923720358989698
-15.017537061676393
-2.585293709142618
17.76106879181542
32.91306010370029
-2.9734470966471065
-5.6977483710666235
5.631517822984804
-19.45401736975198
-31.427199883165613
-1.9764867511757562
1.987495086675679
-8.818685837637119
7.537572676809475
-16.092832898917393
14.149061759198347
-5.603915606872577
-0.902508407807133
28.464664245324286
-13.486029799352467
9.520604942228289
24.805843714390324
-22.960687702559753
4.5959843471404005
11.933789673066528
0.6169446589397297
18.27802102441707
-21.72065134838603
22.69592420829383
-10.19376211698173
-0.3568616312503399
31.33952019773308
-10.371455041198955
-33.42614618689961
7.283798293060345
-3.6159727913393023
1.0676996906808824
-23.810752249461558
19.907025673325165
-17.316215754425073
7.795236165795756
-1.627512018085952
19.557626124327868
-25.434757705745394
20.911849910898255
-5.020330393350164
-20.014013165056554
0.44745987413435284
10.705838838960958
-2.7941667589692685
9.221187046505236
-30.380934984159595
-24.504754453317943
11.406692057741166
-10.831493426508018
-10.075143471088793
10.206947352738895
1.0974177802610825
39.79711370519604
-12.30200125244879
7.085460095612305
10.365491160269869
-34.2359353479376
-15.967657933300272
-4.614126813717974
-16.067683389950417
-10.648127564314235
4.6167582082501895
-3.866540312681692
-9.312437074711966
-12.709677872247681
-10.160000973439537
-41.31574500357887
-34.485115285030076
10.214448015665695
-16.905655390882032
-36.53248498603689
-8.539399024794958
10.88421999786388
7.7772237855231054
11.522254039307555
-24.74982832813697
-12.086408106732165
-9.638212843619712
-13.061397678317606
15.996392472469068
2.778850135411405
-10.070243118005635
-22.180742380365444
7.141612053930033
-4.333437049650044
11.941755238309625
-9.612856574757444
-14.779434333821015
-13.496199609509645
-20.548631755967122
-1.7313534628025735
15.183603454735916
-2.159397973651892
-14.686564743648333
-17.95604741501782
13.64177627605372
5.0994001900429
8.58319578868496
5.121450371279906
-5.027335779064813
9.513213756995526
9.275548273750843
-14.974184812523447
21.095888552352392
11.70342734921178
4.467199367041218
12.206147480308573
-12.076415762204434
2.694075339993006
4.923414650560247
7.635415304745251
14.061266341266915
-23.015709603048634
-26.446274688081644
8.954287609893482
-26.25160015517496
-15.594255346456462
11.902211285334133
18.187712457740844
-5.447958099481227
-0.2539002599957305
2.979632145576772
-1.4145420008585887
-0.34746689887262494
6.0159979314581165
1.338344226566292
-4.53699958038753
16.67200073637956
2.753304778587392
-20.95926130576622
-8.65298763549309
-7.486436375633502
1.7087123038488126
22.29633922608491
3.350219070602094
-12.584747534369214
4.239464086366325
0.4102845653267897
3.3653541220016905
-18.549519839538746
4.602893220957398
-0.49475299682082163
9.117410610784916
-41.11335885704622
3.8098691180415893
8.534170214336797
4.537870998135986
-10.617982672853683
13.856230619426496
-13.452507989129316
-1.4479455865831872
-5.32000322363598
3.2509565323055933
-25.647652693273017
1.2109904493834875
25.160010948495
2.3143824639903556
18.980122296695058
-19.281432836472774
-20.007439257145393
1.9078614764676303
-7.277214537660796
-23.051057923414902
12.092808039532047
-3.8212713614169895
9.960043088760003
-5.459489112133895
22.416836478748806
10.934831790414037
-27.743705663941668
5.023292889608768
-24.403927613725855
8.60557985142097
14.762920772937946
-18.179827148670185
-19.499854238646478
8.208860996260526
-4.332243815111452
-2.4516007364005645
-0.1497725141441748
6.496167931379745
8.976413442721878
-1.9488327941751182
13.58126032122533
-2.765749216208846
4.039245081661207
1.403426881458131
-12.583742672209695
-11.463658328270668
-18.752568563471627
6.227989655709663
17.03454177859308
-21.269264544770266
-20.821132533219327
-9.179951257495373
2.6473849139591863
-10.090776087102228
20.260594788837352
-10.491648884512557
-2.0402172821345346
-12.523250892000235
-14.587650864138169
-6.763535955642354
-43.45053816336866
-15.29596777230681
-6.134424164928532
14.660098871547845
19.360346827941978
10.741361853652904
-29.072186398685233
10.754492955005162
-11.126732885154013
-6.892773222886816
6.355225251961727
-14.33166922442868
7.734743236575382
5.5165355349941905
-23.461479654050564
25.5348630790147
-4.388897019353891
3.34542464533223
-5.303939594139308
-32.486743572675365
8.946792944766798
19.09841967781314
-18.72542063119228
7.300983368950739
9.43796070744807
-5.032043850257693
-7.991385931505306
-7.571042586685451
3.554636526083926
-3.4814023812832433
-27.161592411211885
-16.888098633207576
8.387474842513498
10.8581382163662
-18.24643061713857
2.718158678469677
21.463683750167277
-5.30017154253413
5.320015904785919
2.8156299071435456
36.26039289566961
2.7296141184393297
-25.36615007653567
3.495404957390292
3.1487171799562783
11.781938180866277
-8.755592243622786
16.884926394427183
-18.794838053762234
8.460744166551962
-3.265266592937337
-11.42209124598381
-8.901089719359675
-17.000252427125915
13.895177785856887
-10.432913920822415
32.65698545967793
4.42227139759413
10.326401295240842
22.50582413211028
3.1853972334840392
-4.007571158632217
-11.573652258830576
1.0314890411789577
-14.313693922567023
21.564560592944474
-28.313955233548782
6.5937990499679415
7.428566701829994
6.5391295443194775
-15.981566095457651
3.8908622325818953
4.642075805587738
-13.026844573221311
-4.704213450077888
-15.912691284696972
26.970009129793155
-16.329950981862254
-17.233154691830563
2.0791626619940615
25.41242781057929
-1.1652858062902869
6.784006230954304
29.100221474115415
-12.21756243532218
16.406620290675278
-5.836047063786325
3.1501339086262305
-9.305021751476787
-5.417426437724742
-22.075682009648236
11.985042643263952
11.575994501637851
11.659721714524153
26.303905722922835
-7.631981251549519
-11.057756674945566
-6.742861574359738
-6.0550700028441895
-14.887047104330692
12.637883875159247
14.302665255509353
-19.73831630112477
-3.70078587402854
4.395207433404167
-8.11851930194949
-23.283137774712543
-6.8600141815495865
-1.7744617694509515
-12.517587571145071
-3.5622085968879844
3.216282227022233
-33.0824437618454
-5.6568129533621345
6.576442741278115
1.797118722302713
0.7951930844977682
-6.051813731471455
17.985173094696535
-2.8409608297193785
-15.77345003344064
14.062056528710016
2.3331153006428162
-9.716692420958495
13.158922000224209
6.325910037354774
12.866514087520175
-2.701366445656191
6.81580685293413
-13.71297887391853
-10.152141036457323
8.163043459001415
1.0348963913809825
15.311093736895572
-0.2823946099255461
-30.774687247819813
25.425768428541062
18.586353961232177
21.09118436661103
8.097551107460305
6.136670996741741
2.8414070473271096
-7.865769893470556
-9.43887777599177
-13.311006973604439
-23.362077505988253
-28.534571894122493
16.434929410554602
3.2717080634026416
1.7706729828234842
-2.8921496840568612
1.6363095252279312
-28.140322968167936
10.794680456135765
-27.374808091204983
3.227070433627829
-10.734544513255571
24.017978533423317
-15.369117842619502
-6.925482636570337
-5.111624710191421
-4.684585970331256
-10.729962308671602
-23.20166614172294
20.69869044431067
19.81797089285925
7.46208077515216
22.887535729273395
-3.687261212509867
14.201461804024703
3.101289519423091
-0.25689246391584675
6.770915039842066
-0.9422115964957671
4.028430559494453
-20.576261158599802
-5.728823165215046
4.905197260161231
4.5957581045936
0.5543909595272538
19.07602774936494
17.705360964737423
1.581960261170053
-31.550414207786332
3.563918683964758
-5.8660630017676
24.848700219998378
20.53498941043006
-0.9305333018300965
-31.175925282982163
9.73016177961492
-15.250387821923141
-3.970340608697668
15.440260244063808
-6.591193298779117
20.71709114632698
10.657893466857814
6.143272725471449
-0.40015798607140596
-14.945683103154607
17.015151679209907
-9.093154885070334
-6.5297525254810145
-6.56989446803037
-8.80881096778981
2.2632464578080516
3.5722127166342688
-31.568960318794023
5.702339764536517
-10.807799889390779
-2.0982766965079227
14.658645895650622
-10.616264315430271
-42.81976050484285
-8.13615487877901
-3.6745440301879024
1.0825169628908213
11.559631409854019
-9.033670970953226
-7.547441111116228
-2.9072071617517
-8.990075075420947
-4.382774994709749
5.809193062240667
-4.142663086319359
-17.55433306038482
11.610034190821779
-14.939533433328776
-7.9877158746767805
40.1162716025614
-0.223643611594611
3.87573383991132
12.435118820331937
-0.45776491168790345
-20.202973435902564
-12.438295408909468
-1.6678559211886608
15.068168233130748
3.0470148092291964
-3.9529994582597388
17.920636430299737
-9.255088990739067
-18.839593444960386
-1.0318713026385349
4.8412931834622555
-0.0875769994863731
0.05362415583135771
0.6424558075951976
-0.35740345252872885
-10.512171093819063
-1.3130589318904384
-2.9975585085905436
3.6771221421467573
-2.3646850938804675
6.612612008697553
3.402071106385108
-8.858456680123993
0.2874367556014623
-1.4110566762446548
22.802369348347895
14.842111496765938
-7.133610613073046
-17.213578775145507
-6.2919889686324515
-10.1807474248137
6.728971606451395
-9.696057773933617
-33.18403102398385
13.04673084610073
-19.86575048104737
19.10427274038902
4.3073650063410724
5.219836975742709
-22.782006679056224
12.478644784504993
-13.992114263421929
20.938453322404513
-2.9102845908589074
-17.841587436860294
13.669111545368295
4.9687501080550485
22.74713103318379
2.032264145119214
-11.393346267023702
-8.277395555362745
-19.71193303093669
15.610927933143998
15.118611283476014
21.04326893872735
-1.946937978760246
14.396022521395807
-34.62226813262042
-35.71805845272662
14.226907734720614
-27.78561378554224
20.506542238119295
-16.897867291394206
8.013440182757392
8.537597701481232
-0.44421605780708273
-26.02541056484624
5.81392968239257
-5.12547857308104
17.10966372162566
9.232879183462572
7.836966475807741
-4.303540294360502
-0.3005141300969143
17.738017695646235
3.728132515473888
-8.804284515021337
29.6078712388245
-15.969850631491227
-12.307317396087257
-8.318288393785409
-22.068900625412056
3.0850639622333484
0.7985077163033334
-22.060995262519864
14.767046436676807
16.591966552451495
26.70399829878994
-28.239336631167347
0.5337929723296923
-16.513805962244618
3.6894330311215384
-30.62100244584077
11.573461737657382
-14.909966028983817
28.930230782832627
-17.052104374420026
-5.359692760798226
7.741507475459442
9.235030310966039
6.37938063841321
-0.9422353176953506
6.669267531224094
-12.237563632067932
-1.3308467213152115
-24.407905538590782
-34.96586752277274
15.829646496291346
-7.135277691441729
17.26147493412347
17.427635558658054
20.71865709042072
16.67301746281521
20.899025059591438
-1.30107423436948
-30.161686851536125
-26.031975556502317
-38.43322578107396
-11.294137402558178
2.573796064548688
-2.8696662316048815
10.66649723115016
14.800737674971586
11.422110548725641
-12.588458879256663
14.641014221316496
-2.6920081357582717
-9.88403020627004
-5.533152397929285
-7.896328668001701
-8.89342489882776
4.6001623295558005
2.821987417422378
12.529339152242741
0.5276392421645117
-14.63293842013968
-6.975765700284597
4.328094584677189
3.2286110297420976
5.889966411607417
-15.388429926017622
-5.943394787154844
8.798184218768426
6.454860019084109
-16.30132084528985
-13.829633079245966
-19.474677272673375
-11.7778804450723
-5.667291405058832
2.6239385490085003
-0.21968600389739334
-15.070916054651773
-7.091518978175031
13.609289654488988
9.402268661101374
26.974448094979884
10.757465505840116
29.465778545168376
22.188128604112308
9.986444446181737
-3.5600883700771533
-11.972399198117657
24.751066584179327
-10.41520590657339
4.188276037398921
-8.012719392978369
-29.385180090191326
-14.168610336095526
-5.14074992405196
-6.951361668636381
31.38682811277907
8.972685555278147
-11.883921087554157
9.190749970867019
5.941241698232715
-2.137128963552599
-24.11642788174112
-6.2067163201348015
13.841613377725839
0.5508413276306787
14.294924126832383
-14.246736914784748
-18.55858569715285
15.533635652172265
26.830762846216444
10.474246857871108
23.176886379233665
-17.911471853802013
-19.20916912838861
-19.202290653941887
-7.726887849468682
-5.0403975649734045
-13.850277871481849
-19.688947929975456
-11.26438805165023
25.31445592363751
-9.225869896369659
-8.555711786540954
7.965042696194716
-6.009126664030675
-22.953349020134198
3.514012480674524
-12.61416703264615
-12.984288711938179
-12.663295368501565
30.39377172256951
2.9146083907739637
1.0349215133049938
-15.968294852042588
4.9869233301491676
17.496328705720458
6.554639830614008
13.891072402880084
17.39907565054328
14.91989578846541
22.577401189787977
-6.537529025252013
-19.801216041189193
-20.28457891667749
-21.252383145942076
-1.3048092716805262
21.386712911376662
-7.9474763649705125
-17.531980208373383
-4.430569160469133
9.706680909847009
2.3984111163278072
-16.905454608290782
7.621822720468685
14.475569133213682
-3.632393245142609
-42.13790625571576
8.385031444300367
-11.43503825126578
-11.651051265173606
6.604680515362746
5.993078662368504
-1.2873533390823153
-16.338925556087148
-1.580327310295473
-8.256691132244839
20.165454260576638
29.030179671057297
-30.78100759617395
16.462115593547907
9.389990024430631
10.923908114776737
-12.77805623075021
40.014139819129156
-3.508849739500988
-10.242004677439368
-19.730439041131476
-4.886927681715775
3.827915792033295
16.239992564422778
7.936084438966745
11.49070880481763
-14.440952114311187
-13.386698021963255
-0.5630679407872652
-3.518957542005296
6.785374338562761
16.45527442422336
5.509925799504742
23.069396304410997
8.886623556800913
36.60625519617497
-8.843389810793212
-9.76243894376165
1.3887847095026302
5.546205728412091
13.355504347139345
15.982141917647596
-4.899452251694811
-23.187960967485157
2.526012306481661
-10.535573494932876
16.02120285267867
-23.025495033463077
-4.015793378213459
-22.261817910351454
-7.048594682003227
-12.613513742467916
17.778502414450273
7.558411014102049
-10.103521405167513
-26.30479906871618
-6.916242314217415
10.99723255785807
-4.637911592311241
-3.2545434063032985
8.664478563360618
-28.391965077683906
14.968969644261165
16.043882758931858
-23.8861893342428
2.83997263063371
-9.853476171735124
-18.87191634431612
-27.265199758183076
15.114865284889788
28.855417217883314
-20.761103652693322
6.837799123053158
-8.141884803799272
-16.322047244554724
-0.9371932360702291
1.710604814356715
-5.217593815951233
-15.427438204279568
-25.755936723364798
-3.6591234553315672
-33.11413415922492
-31.013638318848336
31.971205065183064
7.365232478566639
11.765674164781515
2.8417809133384395
-18.727233105080003
19.241514322758917
20.96183007742445
13.87875927832117
0.9126225608135599
-3.2735030389584945
-10.102934870395941
-24.880729044418587
35.44227583071179
-10.32972294693572
7.2443093902244575
-8.170106918207196
-3.1200721666755844
6.3050336675806875
22.206428677296316
-9.526685443123341
13.839036826174338
-13.01585549594151
-5.302583130829405
4.568297478062291
-17.463030079006785
1.4433913585117324
-12.4837827685387
-0.6318919935866207
5.5194039091998075
-16.554983115468062
9.668500820828186
14.320405576147479
10.09156873531765
-1.3211637282853275
-11.369521582354167
-10.11777389348066
15.441506864576724
-15.365343523082188
-41.885066668040935
16.81356661542239
-1.903768390059199
5.380568101655939
-13.543700375689468
1.216246651846376
12.59704162451992
6.2201983358116015
-1.3508691853647856
-6.84075502098675
-5.999038142517222
15.125891705258853
6.131255506887285
8.327639626043222
-10.21555032562351
20.692268296018213
5.337152417181201
-0.8016192628045928
-11.520961486846659
-4.042905659152623
-9.132010644742394
10.545010880717015
-9.252436870259103
13.830969942637426
8.163363615276552
18.818877362985162
16.944164520067517
-14.457483086703139
12.261342007883457
18.276104945983235
7.375668241242764
-22.29719207466729
6.517068506527323
-11.722234524985351
-0.897320705418835
23.02432046685439
10.994399630446836
-22.26646703016667
12.884365852956392
5.310198175555513
16.231121962488075
-22.136015126773046
-13.268868390312235
17.1194582171928
6.104947233771114
-8.570215916850685
17.808958306388234
-12.294354519226616
4.954895271297021
-19.1705939420833
4.025448933981167
-4.486339080886665
-6.56228781130342
-15.680580235216823
-10.71257989678841
21.53888812816672
-0.081466506571374
5.544961819365241
-12.363183217884227
1.9013919779813762
-6.637265181912369
1.2372334138052425
21.009000119081662
7.008722684003942
11.50019924672543
0.10563622016262286
-0.09739729023290528
8.816881424281606
-4.5456761454722425
-1.2248318896028958
15.557451976159655
2.024273703457154
7.274074699648154
30.072263302797452
11.725036552229426
-3.45076273478891
21.858805240754933
-19.406247627310247
15.596616705639278
19.578440547593132
-17.933908750224617
8.094309499211832
-7.6855970894182235
7.931605059817144
-14.641985209434068
-3.548395019160708
-30.384634229597097
12.763803993251116
-6.884081262641899
-25.584676796863558
10.648895718285942
-2.733890755203589
0.9252484301850217
3.0111527573774883
-2.540779615250258
4.100465961858235
4.676586551404114
-6.853800434383075
-5.17027207207815
0.1282914370839734
-12.78300670106839
-3.2495996556768607
-9.028694781185152
-3.4304572467781895
10.957656822666465
-2.1892878386589416
10.595371181081376
-7.25837005142418
11.097067983714366
1.281409055809931
-9.885516140061185
2.626078977847073
-15.15693201753463
21.2869796891179
2.4561882624952887
-1.7378362632935456
1.564349151773087
-0.22025700002025417
-1.2779135121107288
-10.748412675466767
20.511524366411336
4.711999280978688
2.518386859272084
2.4541949979636826
-26.826651251014326
-9.022602425250923
-20.898765736540554
5.925364665923652
7.648144119322055
5.878389355294303
-4.347619305038336
-6.557778098331325
-25.65486208568673
-9.143639442511926
-27.752258612230875
3.1019778761592534
-20.849626136217186
8.202744948291098
2.099695843764877
5.68291607697367
3.335797236833983
-10.624854870993431
10.533318083256518
19.675143589254063
4.802195185342001
-21.873887657511474
10.948595253792163
1.6967952492320253
4.830274467655287
-11.251902508819839
-1.9832147272594933
-18.988355627474792
16.018331331368458
-0.830043924346981
16.373439646401096
7.640427816547657
-18.29187099482816
3.873445611154551
-34.01900066882892
-5.376814959271414
18.338297523419016
2.5695464837191366
-18.866601213633672
11.15502374103987
18.880194150168293
-8.975174730311494
-13.653212077745156
11.616340173668307
-16.830071348502614
-34.18120950714952
-24.934012942038507
8.358038395857065
-25.387446604700145
-20.31855949409493
-9.929180693314606
8.966542022868921
19.70751107019514
-17.333649092874882
15.768890140727194
-33.289528877802695
12.543211549840196
-9.081852220630523
23.889081905738365
10.034026352075758
-8.938031775525587
-23.05115986682597
11.142560071288614
-4.060670835400373
-19.030469884034048
8.048643970658262
-6.6483594986925985
14.75331785121243
-15.288767840584796
-13.653889530020777
-17.218678069347447
19.294819111422782
-11.92440147415482
-11.103789761712648
7.018337771547138
-1.6392775185162667
-3.0477473524220215
7.673509942334959
2.0119365140667322
20.183505426948713
-3.0268982242142926
-29.842952177389115
-16.359340101828924
-5.512417354557854
3.213462023999
-9.815600980412356
12.152474043271454
-4.34323483156183
-1.6207446506662675
-4.041592152206405
-10.246477713456656
0.31373355501186495
20.388133436953794
15.344145871358736
-13.0448731839262
-11.753110283556879
3.683990433317419
6.405342156934282
-8.191246500512134
-0.6183164439774198
2.62969261263315
9.308897176918435
5.205130306955155
3.781785303985373
3.427277517364871
-17.790785406084268
-6.789499207611711
10.265963327006233
13.817495285492626
6.873212379194385
-4.367864188174224
-11.443131162251902
2.438613994518306
3.298867705399416
-25.391139059531852
-22.67489567881809
17.162118957868486
-20.056568572841144
22.489331845224555
-36.109541769352745
-8.773461074655032
1.676225516370323
-2.3685034383712207
11.755756608051186
16.190643654435192
-25.18908166235549
-3.4262912811862094
-16.372968009319877
3.9320668654002584
12.563575118441422
3.315489120032468
-1.1036120658340565
-37.00463370237752
1.6734244318722629
12.093980455626877
-32.56522022212856
-4.131878719803068
17.29790007094128
3.7467760781245683
4.392618470720891
-15.704425588929922
1.781323946680189
10.39969660936957
15.582172953752657
-13.47701701056286
1.7606252628041967
5.240834575867069
-11.822166728809606
-3.1784437538434958
4.436806358755334
6.918962051232583
23.45027484896832
16.277747709510678
-7.957882782475026
29.405724259986414
-19.0089245794604
13.84085559817143
16.23309374577542
22.880994351901293
10.289837365478618
-31.51193967254453
-11.473095109635139
15.090430842022982
-22.417182304061072
-15.89472305651553
6.321984395183705
5.704727918065942
37.02834821008473
12.575936973489606
2.9482562064011546
10.627516120291617
6.829404580248109
4.317596972691575
52.04026272616443
-9.93617551125594
22.400199634961993
-9.89123830140629
15.468522856287379
25.40605024726085
12.691848566711414
-6.019621783377034
-13.882106559768062
9.368113709718898
4.805209773778444
-23.21225635042848
-0.498142676703452
3.584777262674976
9.164049456274583
5.569817369212245
5.268938500727685
-30.42379063766873
-9.19968349191582
-1.982755735999248
33.78307995722328
4.601908673835553
-18.34483549946968
-2.5197825214059155
-26.82151921707934
16.355602868040847
2.1936799248274212
6.069431839310369
-9.62765692339245
-4.16748801939211
-9.571413771476669
-0.5830386707519606
15.130074033953749
25.45511230636268
-47.783566994484104
0.6585729260216198
-6.883637556604627
4.659134487909028
32.485503000674605
-20.145482668259618
-3.163304674418768
-19.45800298187048
-29.194382431239234
24.993349795170815
18.928567652252013
10.608320335960897
4.320357638218013
-3.0726861916006665
8.183636505069316
25.968167997109063
-21.284076882676047
-22.848348219260203
-0.881163883335077
-21.87374146863081
-20.78438323685222
8.738909513464478
0.4373156995612959
-10.032678759804043
-10.964402657626623
-4.372045253670478
4.1135699965669374
2.1660051112133374
1.3990739230764435
-6.122884905504151
13.541499097637839
3.9529135454013726
6.645244539186777
5.743789358891647
27.368935661304775
-13.495442187529306
1.8272881234846636
25.902244481365216
-10.062170097630059
-61.572850318653536
18.961280115294386
13.774928589429308
-40.26809082509806
-1.1702633957524142
-16.683557891443186
7.908158816538204
-16.268084189076404
7.465926044071039
20.838971047897616
11.334275251456404
12.762865660877068
18.59999078756414
-3.0981994945385196
-5.250723110518209
-2.60254313042293
-16.595162319092964
12.811658784945962
-1.6413968847651716
7.733239365339131
3.3561715185285266
-5.5484675164814234
-7.572155709235333
-0.9308139430963829
2.3930745170734724
8.348566905683484
21.342100428084862
-10.003384138603735
28.065915702019858
22.612772377574814
-4.507860622791455
-12.933434964225341
27.359571781504172
-3.2534480636192167
14.131449031029959
12.266261131709726
11.353342442322557
15.915402535688159
2.6537009812137597
-16.72955909617555
10.324432417604823
3.9717111990272547
9.216817393890041
-16.241998064200544
-1.248156280923709
-7.421320014301002
14.513508895273034
-30.925917495790163
39.50590286551494
-2.3290177826363987
25.420935943703256
-22.132759605070408
2.908476826308217
7.45320889853079
-2.9166666605638483
0.8156145599129018
4.090416333560668
-5.8343117718668775
-2.831937728599755
0.6396862599834066
-0.6907939677211763
20.718976537553075
2.7330384834169763
11.049091006052379
7.8278380484935886
-8.496686629438813
-4.081872189099727
-17.834541177419112
-6.0608079427217945
10.991314670541657
-11.604057139746573
-1.0012850520959373
4.995359182527721
-15.653839412801318
1.3023157135510248
1.5042367491465285
-6.225317346522602
-14.458643415654905
9.97329418123958
-0.5673990600263892
-9.428207155059894
-36.48342388771907
11.969880613885879
-32.09593665609445
-13.446266253828895
-4.204912586472446
-22.156839667781
8.160176347788052
-1.8016473372197463
15.200148228391384
28.646568467905723
12.0635453001005
-9.587928351761775
10.642718408587115
-12.503302797264169
-22.79777979243279
-13.368880210761844
5.726441925039083
13.600500435359649
-5.449341088379583
-10.727283876272182
-15.311268680677943
-5.1327984859495075
14.204740239100161
12.814239377060277
0.19861460443149803
14.191559300945118
21.06011881216247
16.314443894889223
1.35166512600415
-7.167474315018467
-7.828050335645641
13.957503578091817
22.741917173234597
-6.924184612712807
8.532178160632343
0.6723338655929607
-2.9972658084248422
-20.772955235700593
-20.882077737923808
-8.741557079431857
-5.371295370756514
-2.2688955297764863
-24.049090821760018
13.494709319415351
16.557072785130444
-13.555365537575117
0.06217574517083335
-1.1028004231975217
12.89986250755183
-3.102261467004922
-28.2766492904165
30.303873643377173
37.57964581625839
4.637847427173355
1.0082396837148475
5.389692721271132
-0.05207883857288209
3.4150224692512126
16.0263835043628
-1.806982835695252
-25.34513578827108
10.469887781245404
-9.326735762166022
-0.004067638885671965
2.123774821080758
-29.437657376358427
14.190871044399785
-7.2180953129640235
41.85649173191388
-3.5427795520661935
4.399270277230201
20.632945429847965
7.656605487930519
-11.462027734468847
1.7866940845363786
-15.535973206980856
4.6289544998675325
0.9338849459360006
-21.788744636336336
38.058566849152044
-16.35146461980709
-1.8931190745410902
-8.009872745385309
29.509038909675382
-13.632949947650246
4.655073085482825
-4.324473103086206
-6.316214936905525
-9.135391513829347
7.079958378476107
-5.993014218690206
36.95207038257979
-9.09423445157144
3.7142785915478527
-1.7744765191644092
0.3177317874283574
2.6689709962559367
29.661722337622237
25.845571763460697
-21.76485752747981
25.380572699707614
3.8996135998581423
-6.535122761456961
8.03569004979711
9.182539247453462
-15.665096588204165
8.06431014663957
-2.332095126804631
4.978769042004373
-23.057502399590703
7.6212388999280725
-29.10590155246969
-15.164349301339712
-9.025033566690425
0.691909944968558
15.858532808309647
-12.235786090032107
14.412445778826353
-9.127516292307646
16.016336018619967
-4.5061241339660265
22.417115561886163
-5.369116309421528
7.757141185101275
6.594367066367383
-15.66032222878404
1.4016312491371536
28.118152291236807
9.337639236577317
6.956939064468898
22.711836662038436
-12.836330653946348
14.679944543374845
22.858114465570495
3.4505288932672613
3.215889707987586
-5.8307360453056845
9.242618074883977
-3.1746819717243113
-1.5060726854609783
-25.968315233851044
-16.826264551907656
-6.753667660593834
-35.73351784494494
-11.921673394231206
-10.346046182873806
0.8252308352721514
8.423580060498594
-16.814200381034283
-13.147580509214547
7.401190286830926
-16.655150152094336
-3.023310218017869
-5.803149321201673
-4.35908491137188
-0.21516981885730546
14.275083639427748
0.7757840954759415
1.4885708261182489
-5.498126231543495
16.8155402761045
-3.1252777311696316
3.926931679070151
12.026860127537049
12.653778727678374
-25.62179230966616
-1.4517254634673828
2.030381724756196
11.27021993326639
-15.813291216898744
-17.70213796213862
4.53691476535424
13.859442251412048
-3.5676638607969977
5.058348285157209
14.234944736185067
5.610445734912332
18.8732893988997
-20.72519044645486
11.069027954020415
-15.663857439632848
5.694001265672257
-7.233931692024272
25.40091838793026
14.648213030149748
-25.046663408092872
18.02544238411431
16.20494985228089
15.076956946686579
16.274803195607305
6.86306534212757
-5.019058441861844
-3.124282476150981
-7.649011502902383
-6.717622423258234
-3.565818038553388
3.2464691598261477
-14.732072995198365
9.39965968429506
-12.174681034415272
2.559090002547705
2.31746778019847
-20.61084435532284
1.9471371651595035
6.962703558974865
16.853886936945003
32.793650339763715
-6.16236666047186
11.198522873821048
5.907568370394671
8.04953227963972
8.48691091062173
6.043831630017664
2.329127091827317
-7.804660023350038
4.205290231032009
1.662393786114904
5.780483602385829
-4.469048810283652
-1.3252481689435736
22.82774495409804
-4.472361901872091
-11.818931193723998
-21.906985157117575
25.447145580693984
-3.236021771728943
5.007909759348835
33.75420097748011
-13.646257707428745
-10.193625571477611
-3.37676338150672
-33.45092075402523
-23.657877888945706
-3.0102537522715385
0.25798127679927063
6.433902164315412
11.04393161528391
-12.603122296137672
-2.9051154662886916
32.480062527118505
7.05068782267125
5.096875808524672
-27.40666505225721
0.39770699638837914
-16.11564494515737
4.859704633808365
13.64351610069231
15.549366167626346
-16.457010033039055
-15.171433769561162
5.027190066470922
17.247857149293495
-7.199367323597031
4.637046878691719
2.227341181257885
11.239616761566152
-7.3897957729195145
-16.456477523484537
19.228333280448414
-24.763762830708373
-17.404909798758666
3.6585382565274207
-16.39711236702331
-6.961987786362826
-8.250200879415374
13.152881394053109
-3.596002771656117
-10.918987568123413
11.016817286620778
14.361434377474465
-1.4392119880614302
-6.4261603818535065
-1.7068053380785813
34.477091529058
-6.803407438906788
-17.14149229245575
-6.315779368775964
7.4111310503801064
16.381606376779487
-2.3774531858550603
1.3192789721240243
-4.757904793193347
7.927862595964086
-11.852564569740991
-23.55177303878652
11.159998604447708
14.862485768359363
-4.128313990259116
27.824327150357576
5.769721588691097
1.9779059487218262
10.871292927158578
-2.6860332780999845
-2.7968795085420908
6.798851679931985
-5.747566794598399
-7.981607295146091
19.68096002200028
-2.3999798594240365
3.0044605946657015
17.955657492015504
3.9655159758843155
-11.585588833934949
-10.006263167263754
11.62439539403097
22.726343056160843
-5.968444039391386
27.922937103430144
-3.6012657542479616
6.975710127597098
41.380548824212696
-5.003286084548293
-8.843351551612443
20.376723587973842
-17.671189658779557
-28.20287907741205
-7.345778159717156
-1.7535433119805788
-9.843991201584942
-13.599054847258571
-9.726152974039621
-36.77683135879032
18.270440565248776
8.230684553584792
-32.90337838724345
-43.9360772882872
11.388950341970784
-8.075556517903735
-3.625568136487459
6.472902474152093
15.108364170416877
16.63350992794595
12.906427506115335
-23.079556340772484
-4.751308972713289
-15.508980007013466
-8.58032025586148
-6.783831501428494
-0.30013212502097975
-11.796563191268334
-39.690190002904515
-15.64195799127215
-4.052491129595381
21.18218814948722
9.144769984759051
-6.423919127937679
-23.748447426313874
2.695983064448215
11.96387854118582
23.317042032697756
-9.090133806794299
22.66956370994562
1.5220491695458946
-4.830555059686901
-13.648456884682531
21.6423513345554
-7.039571269745834
36.645543415749415
-3.026490387765108
-0.7266065185759912
14.858668398969643
-14.39314897534149
-24.460092370625745
11.183571090235132
1.4689129814854311
0.5261681610909221
8.888699794208392
-16.950057074412882
7.317153844502812
13.292090329191439
0.6703755136607583
-5.542252845441866
-15.468759559285745
8.602382997130663
-11.186644439235051
-15.597535088550645
3.252413189934998
-4.768696807801946
7.441483847182269
-4.862426780435811
2.948383511381039
11.136045148248826
-17.333916006564465
2.2760367410386664
9.778508137560253
3.14013414016307
11.956160703587672
-12.640986662710176
5.846740635920909
8.362241549608356
18.54828787362503
5.274188082040567
1.4006689051343386
7.761627650543787
-18.983700399945533
-6.456492365405381
-4.084980601330514
-10.226229864487337
-0.6774371666096216
11.564543594940204
13.487861667263914
0.7225805321415919
21.551363337965768
5.479627248310664
14.255765452676087
8.993108690465107
17.390758602975012
6.560921262473812
4.58693284399078
-24.619547918685612
-18.682913077058018
16.368299239906264
-12.671008001476437
20.03139346031834
23.216935370195742
49.78306746705047
-24.81175938003001
-16.167735885522493
11.880796609489934
-22.946637063915585
13.991540800597562
-2.5089220198060644
10.245947961273785
-38.0088645305231
-9.112254697296436
23.382453745126128
-12.459683228422222
33.010389507786314
24.960766889394577
8.236741600908204
20.004085447538767
15.255929611273089
-17.463290079903658
-39.69052442906228
-19.782447897039308
-10.489357401689318
-1.7165846747991367
-7.8407220410075515
-21.582684443331857
0.7942955613541756
-4.723621021417756
-13.759249250984666
-9.670150274830377
-1.7537972989010058
19.05239091104569
-20.049279705739877
14.406625611315237
6.03536786305564
-25.13697604563123
-10.835898219249401
4.453278296493068
8.676145672097988
-3.2612206067600624
4.327371043328441
-17.03935525940888
-17.994999529311542
-6.7709976949867325
-6.639985579679248
-23.604037260378774
11.725414491266505
6.248440278019814
25.456490045479157
-12.920779265391516
6.035375868596091
8.180568347429729
-25.91581301442633
16.387465400462887
-25.4251105608882
4.809683373671277
-8.15216926394828
26.406740559723985
-9.444095904216937
-4.828173413962701
-2.3564131961640986
12.440558811847595
-1.174735481390229
-2.292734053745491
2.848360108641785
-27.230437923709545
-18.332367401474542
-5.770630605344138
4.042405346615568
-19.79611744434959
0.6563118122614071
25.96993003069403
12.043299990958005
-1.6272739048697962
14.361825802277139
-6.290342135548741
7.2345191324574785
1.760385721776828
6.372812067444541
-30.407779079074352
-13.980336368609557
46.52877871287687
9.816824130836267
5.363236361265862
18.156786476297285
-4.582231524195777
-11.605367132722009
-17.555404606113783
-15.564035873603643
18.342602015879606
-5.5955577526416675
6.312028423879553
-3.0896086532121396
-9.054597726795166
4.530596715000328
21.851967749432045
13.757770602741047
-1.3264604076643565
-8.150013019104165
2.546089638821414
-0.11055251957185419
16.93849473504173
13.736686209252596
17.496149739462965
12.470613635421273
14.240001208313558
-1.142551320983301
-7.3412066844271635
-35.0031413422943
13.263234128058798
1.9377746079896814
24.391276111997527
4.717354405901332
-9.737014244905126
-0.990394068261665
-5.81598397792051
0.40714488298378626
-5.0653604908106615
10.719119947972958
17.160501647782908
6.813875819516028
-14.214849129154317
-6.868249573218904
-0.1050991665956218
26.420113593953857
5.274708869388689
40.809410146225375
1.5871470508576098
2.390178988074396
13.028896853479239
4.874386179560957
-5.818253591387233
-7.7137605847267565
3.3541221627732085
-3.7414407883607192
1.4877816048617376
-27.80150651530414
-36.13269204160214
1.1646111423067533
-18.171967646071863
-8.935715175546463
-13.355777714212138
27.490446310615923
8.881013694943888
-27.06117752924183
-9.165388152635487
11.913797278669534
7.3407837128509925
-6.921239755895231
-13.424474523624344
9.523963724228096
7.035400319458077
3.9660009354509507
-23.074221399820388
7.895338622775142
-33.78741266996833
0.874335407867421
-15.258600394558798
-3.3663913889703565
11.244793058947252
4.881539045486448
-1.2664525115102807
6.289072859872888
-7.205870328717097
-23.276200452718285
13.978753128197297
21.697875774997243
-7.281777423898063
12.902988005968224
-19.569800755656928
11.895763995733247
0.40579997180887606
18.922586156495413
-9.396116809251382
0.08856480919558862
3.1015486336958276
-9.560162981347247
-3.961553435610611
-12.543109830385108
12.069497184411178
-19.03353771495327
-1.3827204688222852
-5.167219770866524
-9.906461247065067
19.45275616449048
17.216676621324723
-4.330680860703366
10.418122946912064
-17.15255797022874
-28.93113556236591
-8.819206934953485
-24.11038173707003
-4.771638206726024
0.3231368650804284
32.38885330037306
17.75042817059628
-27.33533048076977
18.76545166903165
0.7201611032423605
-12.91417800971276
4.259293349456016
9.554231449247327
-3.0421309058371264
-26.807739155643446
2.5068395924479887
23.27196183333217
0.26128482935250474
2.6726294266140944
-8.10196519708191
14.512859721127583
-4.971447837072531
-0.021282884625648535
-0.7502490034481184
-37.28223956103308
8.270402502438415
17.457884739950117
-14.833454313975293
-17.470743648348773
18.32865011863518
-3.9891290364573986
1.1013849410771854
3.086490195831629
20.554459329954668
-0.07803621247029513
-2.4310937801763117
9.400574443245901
15.414932305615466
-6.311322401056728
1.1620817876222844
0.750859207623265
18.94999578862705
-0.14919165598141193
-8.397117746811148
-6.239989099712077
3.9276537263322364
-4.608979219548871
-4.367069622048959
-2.18386786861383
-8.096139552409213
-20.981042726378945
-2.558457235974487
10.051738861862148
5.787872932169065
0.6318709607652973
25.843646927638574
-20.061198733118342
-0.23325533511118035
-2.6235845520209438
35.032436996073514
-10.132538226493224
13.864279389102649
-0.39757610719144054
1.3887668125319974
-7.49057398635668
-0.46635213346237947
11.889684944146751
9.443750945728922
-10.666151224208917
-16.34506185979366
-30.59352554555069
-2.6683760770336704
-10.356727690192587
-4.836733070351386
21.167850408394543
38.24176206948779
-7.179523231756889
-18.90828830312263
-2.312985282874536
