averaged_values
-7.665608177103521
3.7454653817047383
-7.5689185138167785
4.398126811717819
-4.19179126788724
-4.9809151403681575
10.992349975351834
-13.587095058224323
-17.657737812319162
-25.66425313164573
1.6168772303063919
-22.61722436958034
-2.7192216741154462
23.012654330661604
-0.28928632731851134
3.923785886903677
-14.399426232881751
-23.843659773105223
15.211762385629363
-13.80939052804014
-0.7665148108563722
-15.570590587747294
-1.964035407816076
-2.618212819303074
-16.733566624721977
-15.06935744169916
24.271826660154847
31.093579748461753
-2.68680844794736
-4.236243422997421
46.996670877145306
-26.04482831327733
-16.122833322594644
10.674485219298356
-0.21260177043847284
-5.679706235216473
-7.752873126873187
7.695940365725989
-7.127356034959221
-33.0667081410394
6.246668501966618
-11.200187315838827
18.937176725943388
-9.045241294096732
3.8409314530997416
23.543567131943465
7.815527329501159
11.846089770489073
-22.838453463317098
-14.191025105934708
-10.362796495808958
-1.090100999505414
-6.227720934338223
-11.496315589195506
-9.468826744657754
1.378351192726746
-9.890902277349102
4.9353151053076605
8.710401825474328
-13.169879924386223
9.368787481784427
30.672367080776834
-11.087517274339396
-11.968411263095682
-6.287153473123674
20.6566476123969
-30.37520174381419
-20.683342557084167
10.458985239331898
34.82784642672126
-26.696744845368805
6.715393672165681
13.564848598438273
-4.956276037693691
-5.0887914441958095
-4.797909553871524
6.81309829240962
28.141500396243007
4.188398436352202
-7.722570101040454
7.847790792136206
-21.444875138997606
-27.416980214714204
-11.669731898944926
-11.269682250089579
-9.975686131433083
2.3073828407871573
-13.30673457323634
5.191796837733311
-13.212499539059465
-5.298621655897682
30.505070010102685
-1.5666473651986843
14.274463276862532
11.818491649218203
-28.606182903312977
12.65011302533352
15.20484398568889
0.2725515728120286
17.358377328879154
-26.153459690766233
13.254650972482805
8.227101841863522
12.335308302141893
12.757556474663483
0.17297439601879105
-26.58127969396692
21.47061313380803
-3.7125646976116133
-4.588708314846819
-44.50239348302933
17.916111620622296
-25.78202107147229
-3.400525579726361
-3.363687929648757
9.11198669397501
-20.53485100786329
20.09829859485408
-6.05539522517165
-2.5132827120885075
-0.2076297645460165
2.9583383288994782
-12.854820170645564
3.7114888078480606
-10.31727983248144
-18.99111893927811
8.757519856077169
-9.075060329854814
-6.979364044284969
11.363094831284803
8.078331185729896
33.595083188586685
-5.678414934441501
9.14306009383673
0.6328772560134782
-16.342979444556363
1.1251158772331005
3.6771678270663557
-8.520462434084536
-5.741424095099088
7.023664911958944
-23.50473573625657
1.0330435621922898
1.0054169838639186
-20.399107808729646
-26.260717347241687
-16.949293120163546
18.98484672659734
-0.5994781593652929
-20.906367947684664
0.8720649345315802
10.56430245136462
17.09156280846409
18.5146620543687
-16.385347719195718
-12.80862584800756
3.6564248146260336
5.193506678517481
9.15956005637386
21.397476479166272
1.3467447656334057
-8.506281573481123
18.019792288821357
-13.579636948790403
-2.979314330502459
4.412664064891894
-4.339614355229416
-15.014829847117275
-10.688893999793166
-5.004215790540613
7.050118785581107
13.98277228945068
-13.265308368690421
3.543179250935607
11.89631261996484
2.0967418313474537
9.573279563134394
3.4951516322821012
12.12457941989593
-0.8227463893236444
9.052707348739125
-4.277820193965948
22.93855479732248
29.114287568725352
15.145707563290046
-1.1423233785495754
-5.988897669559849
13.146911109243996
1.042458248871358
4.787106292303101
20.153522786446384
-12.099027613306813
-18.376418302734606
17.77345741187839
-19.55363540258341
4.565979141439833
14.921503067441416
11.091208576077403
-5.246745315170621
-14.564015392558021
8.31387088203264
-1.230828468342497
-4.671583860636942
2.89226295700779
3.1324420152401102
0.9290450286469527
16.10249438122018
-0.23097887931622335
-14.468554166202287
-6.3314330980331786
3.8542579637515284
-11.428577109384486
15.04925890656643
-7.669266902935924
-12.736964143006967
-7.117587621659929
-9.57878781349247
0.11871524187639271
-13.311235803893002
4.764766558332314
-2.053912210525853
7.319342802748214
-38.442084294549836
4.594360323523182
1.81928438622991
7.783431104923212
-12.6439890582449
9.161166068687447
-7.458464435087635
-19.047289490501395
-13.75295691792419
5.36860639970457
-17.54831411924615
-4.367971141516702
16.481950386463158
3.332129732815236
33.27094873242372
-24.166796173732358
-24.697748389238328
-5.102831533770974
-7.572361479148643
-3.228996642795012
-2.1202302026614377
11.310570171141418
10.640545619030712
1.0164665442673304
18.207248280488464
9.223299124590644
-25.341694790704107
8.180615881774685
-6.658567032125803
2.064167099871569
24.854182667715683
-13.244943009669063
-7.129762171874669
10.868473299886324
7.650241777686916
-8.298003657076245
-6.509501368945955
-4.045382784292492
5.188996800561403
-5.877110327643387
11.687034026053846
2.5616099106790964
9.339510492101025
29.231950097398517
-5.80899250615608
-8.969303436014904
-2.8568633831277124
6.5484058504270095
20.630534620318905
-14.930740606571783
-21.90164860584998
-11.925400433385672
1.7557429848400274
-5.355779908686497
25.787146000928146
-13.858601482781657
-0.8965818176113667
-13.193358430936625
-13.749447412334062
7.243497521911787
-32.671245860391714
-8.236974569661868
15.894346280207124
21.038300581728567
12.27607027187822
3.2001491379366023
-28.67538741607344
4.218793853951075
0.9928342397796053
5.023463553071118
21.048530545815115
-7.171042696797703
5.0222706312356085
14.870735088067331
-18.760604223980227
18.319288256590376
6.8526229839680095
3.394804330673985
-5.0320577106126665
-34.47350879029964
11.10016071944806
14.51342430286023
-16.545708049081238
-4.65247996148385
5.197170898055845
-0.014773620914312613
-6.32260882435979
2.3422402480837
16.58694021048788
19.788196191804825
-24.814955748905163
-21.52611322072204
14.387118488613359
-2.848253703854126
-19.662266835880313
10.576503969965536
27.821826168328613
-0.8069000372552244
8.692677162863667
9.294994626908794
43.95364223307543
-2.6144996097100246
-14.175804310896178
5.024493420545598
-11.329860513397813
9.558245156244427
-10.001657697801582
0.9270136628929926
-27.309174166030015
1.750213211202205
0.15804718439726784
-11.379650721228645
-8.20359923600485
2.015956515587613
7.481381394430863
-7.598378256350834
33.43132017341281
7.810377824228547
-0.6453421599074075
26.768969147925063
1.5369356312630955
7.918105573334376
-22.331417930522687
3.7035651388637225
7.328972251031338
5.403948741655749
-17.839697835268517
6.591742842316073
13.58872278723089
20.42895875631209
-17.155854516097378
-15.028988650923651
-6.6954457048909335
3.769587758873673
-14.374473774933053
-21.637334937412607
29.062879599781947
-9.766751514898628
-5.643935265743492
-11.155634535231977
13.030804465107444
-18.18419510838227
10.260591082859053
30.627771197138603
-10.560022147008596
11.064410558003802
-4.7938685557619545
2.881438389977273
-1.4437533775657418
-12.431419900751669
-26.1755542616312
-4.034135356408765
14.710716041998904
11.767505966377716
40.56008660371027
-7.730983475694269
-2.720390325911966
16.92055846194924
2.3391134224224963
3.322050059078142
-1.6794632797193492
-4.634181314550126
-15.088851665543038
-3.883672054188703
8.43438155264706
-6.793317375227557
-13.50963073762915
1.6622650443659466
6.164675751762942
-15.502960491788095
-13.484615899225478
-1.0396227840700032
-26.586505856808998
-10.428828110680607
2.4179600749400496
1.0227411900042689
1.983244379599808
-4.784288425524472
10.479036402859215
-9.596065697382919
-4.981137681524487
4.510598483692466
-4.159640844474182
-13.317773711794091
4.582470045732891
5.139564501341286
6.123993828513526
-11.620124315150008
1.0748729007000422
-10.475254329589097
-4.935734742625868
10.778777879246821
-6.278402774342185
27.662717769589115
-13.64520874140462
-5.452032920881842
23.62492570945715
9.70654042731789
25.905519897277916
-0.2836719087245472
9.209984872161552
16.365004028657296
-4.998597142940985
-15.6712240491177
-7.2641027040093755
-19.35894310848506
-20.424729350817675
16.861632357883927
-6.116375196339542
-8.868419208429323
15.433974350252553
22.444224390057457
-11.869603862388496
4.456762101301584
-17.248908504820257
15.5110761287569
-7.461876129234734
26.801520923425105
-15.92268539984688
-3.9601023338006502
-11.857308606453294
14.690253960673479
-20.814388060832798
-18.98043787037811
21.521408597371014
6.562504933074289
5.6739693880105735
19.743128984152165
-1.2159356533591612
13.07861976984469
-7.780521427605097
12.219711035747219
-6.9267626443447385
-6.992068355804223
5.419869391397641
-19.919106016042523
-2.7919937010482467
2.695404910667835
5.135850005838943
0.7514961476081663
22.48381260658033
16.50399994462545
2.810223415079899
-21.735002247594473
13.338202888755557
5.2435904245744736
7.745822733638413
12.674841953137694
16.05664219745393
-7.125648081361055
-0.2988559910320727
-2.9637984799272425
5.333863222886242
11.055986499997255
-15.346040825424573
12.397209094344545
12.10802219841508
17.092452691962983
5.077968529473429
-28.960890268466333
11.190907258971807
-19.746065531476937
-13.761712421489849
-4.319150939726404
-9.854214638511646
-6.398830963858892
4.982097887382318
-16.532113162806937
0.09750232100484046
-9.772530938726499
16.30376430685842
9.57838325079596
-5.420638459157507
-22.810104897142633
3.4342102681245015
-8.357956100659564
-5.6299964980396044
8.501550592190274
-21.088011513684854
-6.551178331407968
-3.9257015910418684
-9.1348285644478
-5.503386471718799
10.021051311021184
9.239763025712167
-18.322981191616094
8.484136862931685
4.395496327696755
-5.526764468030899
25.208650996502282
9.64154769187257
1.8758806849993035
5.584651320743845
6.6907366980709755
-5.242849866105464
-12.733426870068016
-3.3191989914189866
12.252792896088778
-9.632723697483765
5.164604433693704
15.782968623203201
-1.3549420776325976
-0.004912387346341973
-10.044526012929657
23.800894859505966
2.2851866329804604
13.325773347405466
1.9758532639000252
-7.795628650616509
-18.214374524427168
8.618416654180004
6.690087633574487
1.7300249124455602
-0.6373339409703622
11.327408904782905
-1.7067015138009891
1.7771066390874841
-9.12482799301362
4.920737017756018
15.332129807551762
18.758424871178644
0.3191048046648376
-3.0488408308526047
-3.5520460822489603
-0.07994115226290194
1.5900315099390125
-17.87347077579863
-26.74991451043461
20.029202633031783
-14.041483604568498
10.132988634683063
4.475547584921263
4.759072726213367
-19.882281488354188
12.544465200897335
-15.2777866398628
6.191765862130664
-10.57578712606225
-14.264390256118498
8.590747218254384
16.39717534668666
21.570521399375988
-0.713855500944373
-8.6146778731001
-0.17609910816306942
-8.313446679979199
20.171086442840554
13.253369650782675
29.999675485808254
-2.1872137230513373
7.310973055061934
-18.916071051771954
-15.005642605149328
16.87830322831324
-17.423120121584397
23.95505556761171
-8.136201971766878
13.11209424463536
10.50102812211459
1.9904753708468057
-19.896463653574312
2.8627508973436537
9.718169388447098
17.112030006407032
-1.2694229214879953
-1.6703269203190132
-5.9449575538812836
0.4925862386161859
18.708940364457284
1.1767522307337224
7.32446275078957
0.06311409024639236
-15.8206369478488
-20.57256083394826
-0.4267236018742455
-19.813381211217333
-15.145860284096184
9.359479004394213
-20.5309673786317
10.28342110273424
6.768544917116265
19.761860753792412
-27.14754070145422
-0.2587807422191588
-18.743304175680056
-3.0362755973571867
-39.69916324647647
10.250729928219144
-10.500061691058889
24.591825701447334
-10.311173258084786
2.3095879120316236
7.478757888664737
14.20362927475509
11.050010172601526
14.577765025802286
12.045875068835477
2.2248921469015768
4.264643661367164
-17.4809139562738
-29.07642212652213
7.151548037361589
-0.5907972997147951
11.373328385486039
12.675731427137436
-0.5433376082906967
-1.8679846671072522
16.4684017057708
-3.4755166152329795
-26.792543786555864
-19.52399255348283
-33.588647663255685
-7.241769498393648
3.5433529299831843
1.8876140577232037
4.8120614534670185
4.872043266083916
0.06567035262819021
-17.648645518675973
14.391326693079778
-11.36860620229563
-13.034602133366201
-0.025155930603748933
-9.753079226771113
-5.487628679553074
8.457034015542709
9.786909914141333
4.839126839862393
-4.833234297201661
-14.852691633557393
3.114136506833577
8.037786470397231
-11.918111153620684
-8.128560998977433
-13.241059365526716
-0.09462540825701848
-0.8788943567968763
-2.729520384580441
-1.7258192268481212
-10.223340728451229
-12.785157571231014
-12.72473528075955
-15.579331690181718
-4.326529982329163
-13.86471556927837
-16.984532256286624
-4.4826621255242065
16.066445490469114
1.5063364374889314
14.879856907599908
-8.098336622731727
20.436745335539314
5.450751255502081
19.99931264163579
-9.318169228792904
-7.480567172201024
16.01294418088367
-9.306690700425802
-7.985082545446245
-6.672590902150482
-9.26012898326685
-5.831000921874655
-6.261825096345335
2.27331293887446
19.773595399857083
10.829684976576937
-10.63979129441134
20.828288899369095
17.510850826498135
-12.510695051521969
-16.40425444140462
4.218542554097455
22.518333171478048
11.535718816516495
-1.4085584175427877
-8.209101395140971
-6.634284367469534
3.584879645736819
13.488578468629322
9.667558406199328
26.170055798388315
-10.205916534577232
-6.114440550379969
-14.06054132877589
1.2732916182100475
9.996989581318239
-13.770609990111614
-9.43860741919565
-14.908601595067914
16.998020729003933
-1.9272312287269608
-16.04660350714745
14.350628399560206
11.157021963048836
-13.61038658731732
8.343341136591963
-14.229468554360942
8.711616707783529
-15.065206456943816
15.186072292397208
7.666199944689257
7.010661249299571
-10.941809010425288
5.8619364655687285
19.001375923670352
-1.1037144127495377
5.5568271640277604
13.701670428755829
13.856607550675617
5.883683976653362
-6.807779138695858
-10.388222123588559
-13.604450411939254
-17.295237863496688
6.107081913432731
34.15559587008589
-15.104185710980262
-19.111267748409816
-5.876416784030663
-7.933497679461507
5.144376213843881
-20.060336311266724
13.034135942103104
2.1996322621194944
1.4594369359824073
-22.670568937973982
1.8875209889474935
-7.785828929363458
-4.400474073323402
18.625806976507807
0.8173810069193858
4.9412207638055134
-7.34520535947261
7.5593414751597505
-8.895064237987766
17.023332734166463
7.774911205117868
-11.683569989684393
23.987779757124922
12.860384258808002
9.81182830560691
-2.990755347133414
26.84629149920961
-2.6387576595223714
-0.708781757478977
-23.839435347895904
4.583020723429062
-4.484157267911715
7.829305612356465
3.495748307648467
18.14429641384901
-4.915297129511758
-6.84204093574888
16.603650558963693
9.46661494192965
16.58040788036354
-5.196611502068456
5.882784196515562
28.374418056571855
5.875598805167384
27.808776515269482
2.8826250020419684
-10.577152916320975
7.1064051768436425
-9.674492250396296
5.199637818420207
-3.33391558276041
-5.771524847730779
-17.089977792007414
-1.2608135909110096
-17.33598116064595
6.845690149736138
-29.440080153220567
-1.5967930362952418
-19.70659111878535
-1.5155276513896534
-25.355381357416015
24.10674999031366
-3.10631072465807
5.431594318583757
-22.762924158319137
3.808251309474115
9.001337050071854
-4.437344067772523
-12.428224764051894
3.465287199399653
-36.9314818388657
7.378762529557133
13.71694460044863
-14.759715862018046
20.67273016214894
11.651787513088033
2.755263883467692
-19.680822745930953
4.803098497844835
28.233460543619948
-29.902403543534117
-4.640492611615277
-7.451384401043573
-7.876110306691584
7.39893358584873
16.907407628909915
-2.841553026988399
-6.887845762595418
-21.94346649917884
-11.058482530715013
-21.524250560578004
-21.411934803011697
33.991769799802775
-3.7369240678193503
8.78797538252153
1.5164240413800358
-5.868668724614339
15.438902865996537
29.22087328756478
4.20036060713522
-2.91252589785152
1.445168629598784
-13.656200782786161
-20.874820305494527
24.745749378514475
-2.922936337819891
7.9228284445657655
-9.315894854079477
-9.11038710502155
2.306934939251477
21.789371450174844
-9.265844304891353
-4.193800977803066
-15.25279300437088
-10.738604209185471
6.7828000053372355
-10.684933129730524
-19.567363775864855
-24.87492301989743
3.228495585134451
-15.731526958956094
-13.747615416886736
5.902101617483391
4.1552540819426484
0.5189671049771079
-3.080207329658543
-6.56185262715007
-12.932992871306066
8.601572804786475
-5.680831006590419
-47.070955999130476
3.371865798965629
5.60990997603758
3.070292878608941
-13.408378648971336
6.919095501490144
-0.06673714406090292
-6.0953723690561565
-9.582536277259509
16.904857877354413
-3.6336521630652925
-5.314929139704096
2.8902554871533006
5.319953719702843
3.0065866644502837
10.376751095662101
8.629504636793211
-1.2429298420059007
-21.952188901377298
-4.503252838029206
12.490178182071714
2.1858118030563407
-12.635235309675133
29.88518145166099
-2.6403749151412796
0.38160874816168233
13.936312137315142
-12.820185694454889
9.42386222755758
10.262682039065595
7.755176166951082
-13.17345678443249
4.921139763642578
2.863338610885668
2.9228681958493725
10.782383555694135
12.79384622172345
-14.82465998342351
9.58324633248871
-0.24309334240588362
7.9958496170675994
-4.587350304764172
-17.390431768927645
10.36828396864848
10.321443700840263
-3.794139946819151
6.30450209598868
-7.738981351812251
-16.04622856919806
-20.23560825863525
16.099376812799694
-6.4315022242116395
-8.794235686014138
-20.571153061779334
-7.358936077772469
10.95580303553073
-3.2522342274037412
6.279515241631688
0.32436903122102934
-1.8225640369430458
-4.017817594377073
-1.9959905804029296
26.936151287076637
8.943421070918438
12.638514954410581
-1.2849130871643148
-3.442569652775068
1.2120898339261472
-0.634149370657527
9.615564209414048
17.31763220114459
14.556172299228784
14.291295147774893
24.34059734494553
-1.0101189951304983
-10.068772951588642
18.30930189459249
-25.67267381784175
9.847570562910791
23.458051178096607
-9.28025426336713
-0.8198859169146793
-0.11083370526031933
2.723577958092828
-1.8525597410631658
-13.670691533248588
-22.63174963693895
-4.641005815949818
-12.296813908361592
-19.39800478482335
15.935796658696242
-8.020844963154062
-12.20476784576467
-5.172242889682407
-6.0661437008064745
0.7638394223871806
-9.924169465046713
-20.207034451289367
-24.991053122218112
-7.614734428400854
-30.242271185739103
-2.257657271324694
-16.538992422040486
-13.866307189881338
-4.0491344713783475
-7.7146111224106155
0.039611965482032774
-9.838090518471795
-4.065745081162833
-7.761733885120674
-5.584875329898132
-5.5470859441127995
-3.174719753428722
15.04669379358089
-4.111436707915446
10.603856672430284
-10.03953638565528
1.6423490051597884
-12.46371911287772
-17.174309349600698
27.284500852849416
-3.145591849089014
1.9864306370026146
1.3778394900891975
-23.23029710039155
4.089978458913507
-7.017533186751818
11.324932155975839
-12.788197310507561
5.620952207874769
-9.630765138274809
-5.137415663104943
-7.106125764569965
-22.258190051472845
-33.32194111119664
7.203003251277879
-19.036993721314516
6.683702230710745
8.21243883942673
8.62966799113489
-5.131913140011537
-0.3595517223416218
10.667041080465932
19.023069675009843
4.933936800888647
-15.409226824636388
10.296477197967283
-2.7696522554788903
1.0446997605237545
3.3144223492789147
-9.32987449992969
-17.50965393585176
-4.339686311891342
0.9746435127786571
9.364929633385426
13.70434918687468
-11.522772875723868
9.125233260972898
-25.155852946296164
3.776251934512451
18.587365354338214
-18.564784802164457
-17.69288308645901
15.599666633279707
8.83640912720955
-0.769533622139609
-7.56712245202243
16.244307469033657
-2.320699636549193
-26.306897845630576
-22.970142417611136
11.258667333301492
-14.518849105281278
-29.49926031183129
-2.125226527168126
12.831168199054988
13.782335922200193
-16.28156786789658
11.99919501625686
-18.662683895181907
2.2584739266262464
-10.45058838280721
9.883288621604008
3.3287843298887103
-19.272323055833127
-7.27460837590431
10.654717611539255
25.461140022013353
-11.348410844070303
2.969906786460254
-10.680543153039663
2.6801802044541043
-12.77520384048567
-22.877536876069648
-11.502890399116673
19.645715904905494
-17.249592937701717
8.639467807323097
2.312215563831125
9.080683918249889
1.3585241618118662
6.120236677358297
-5.168218895880507
11.956931113316875
9.384812540141823
-11.596977563627494
-17.944493216884048
-5.911697762669031
-1.648272116677664
-4.837716495548801
17.18130364964726
0.6981186207719723
-0.2515884153836263
-7.308410688707599
-7.5936220864863655
-10.502653529982418
-0.2211626928046987
18.750936103594007
-4.191813149976755
1.766118624581753
6.276464438485285
1.2164262014981797
-20.770895844547105
-11.064725252713528
2.17771844079273
14.069357823434085
4.044476181745128
8.478020318893828
11.101098470673824
-22.814960375069298
4.544761186610856
18.16645392530158
2.2779356109537208
3.3902070745661668
-13.061114776791491
-7.312063755121503
-0.04714857395789457
-1.9972434217330841
-20.31631040549735
-13.626005703649295
5.716629866648996
-7.4114642906315265
20.866836304372164
-28.123094031471794
-9.275738221913265
-12.75072195974141
1.6676703173329697
6.488470914593749
1.1688065615627306
-15.557154963508548
10.216516719221005
-15.695562608630425
-1.940265996023233
25.084216988850365
-7.0068674080596836
-8.652733716709019
-47.74372327215832
9.721904890746657
1.3198724514039881
-27.199316866555456
-10.545468352862105
-6.780286513392826
1.2301456484061197
-4.705811905997411
-11.02868797012426
5.121215172275346
4.627773545127168
19.565670908532354
-13.571017066286963
-5.866069094503394
20.500085165170354
-12.448528047385205
0.6094100694197877
-5.427384325176366
0.7842507095785582
20.83508300125164
9.443987584238016
-2.805638507339226
12.018657154360875
-22.08154531617133
15.545111154068707
16.870553501307985
16.070957405650343
7.71986412332442
-26.723324858654742
-7.706542573976942
7.438576516948766
-24.657420885014854
-5.673037929694573
8.717293734659746
17.592093720049462
26.039309299552272
5.150371344175164
-9.986020069866862
10.421554902827578
15.383673906214154
-4.5112491543326385
26.318071846669806
-9.93221366339009
10.016083545363864
-18.270985459542192
14.764255944025733
17.820455285002858
12.84917001554538
6.365082979605019
-0.901979300750857
0.10208139095393887
-0.5851387817565143
-13.256291497818667
-3.160307512010067
1.1239194317729657
14.543505126996292
2.2244801100324763
2.862591631669497
-12.260019882370512
8.47229410773326
-10.104987924055902
26.681084938145673
-3.9703605567072713
-6.291728099169653
0.009900040424825701
-29.11033756498439
31.098556702382005
-6.7160545405507115
11.590383088307323
-8.679419136727914
6.548691760888622
8.463887963663378
2.728021530378002
20.308247026773127
8.895408400282731
-30.544294633239097
5.168222108223022
-11.497797117454775
-7.678775377232243
11.411314834012067
-22.48415219397764
12.390023581495226
-18.97402907486928
-22.855486741267573
30.962445013289916
0.022692001361444225
8.081761117211034
10.599022843928864
0.7711552948478315
-0.6244088268795452
31.241594605367677
-21.702801757322515
-23.750815443902397
-0.3275990803463018
-10.08993050097685
-19.461982238927757
2.929828211879341
12.01055519582807
-5.338394252275983
-21.137388825980565
-5.734408611367582
-3.328243479648336
4.816850864948769
-3.2144831369148275
-0.38598770863476417
-3.521319734581109
-2.3332614430323657
11.448749572716043
6.289066172538942
18.69259986668029
-16.186773756630927
2.8766398915060947
7.732178962310649
-20.74182130567237
-47.49316215855605
16.18679675326868
10.914989191079481
-31.51111377115229
7.2378311365051
-20.838291377499313
2.755530156304924
-19.697778643675292
3.1000322940211116
8.727961044688588
11.730704294489644
2.8786390169771057
-7.806007035965138
-7.533657531760305
-0.9347274586250451
-7.012827543693507
-17.395744456787146
3.7506295591783796
-10.678613244031904
1.6948281442157769
10.359724252662952
-7.5537754210503625
-7.397562763707132
26.273119374668198
12.200238881018732
15.604890900836072
-10.08552606696087
-14.115672710740315
7.6569064021414
18.66976144951067
6.107649417351669
-13.997025425271941
23.621648288176793
1.2376432606900032
-3.566078576116501
16.000940538702036
15.373998252503894
0.3562992689659384
0.7472511781373088
-11.455641587052284
6.218263899742421
8.94780166410677
-0.7147059307033146
-21.04341248854871
-11.305708229734998
-10.175458023618912
-4.4487026069119056
-45.08587325552979
28.210159170038253
-10.280717315367776
24.875946584423584
-4.214603847084706
-2.3655037986218934
-2.9794972064890555
-12.510985248062932
-1.5935640324616154
6.115725241713421
-14.247110122518047
5.367769785116652
1.7627578686457008
-18.34775723030674
30.563662849319236
14.235742596618248
11.133425061171375
12.71808414520699
-4.008561541290168
4.751097794144637
-21.838966441221977
-0.9084894206109309
13.014802813726895
-18.983287100598254
11.717204355212658
11.361780261792141
-16.968361825682628
-0.9370156131991498
4.971342991342663
-16.237817739693007
-2.976100971396404
13.830715271054972
-13.196741560013146
-3.658099407632549
-33.30338219352009
10.210407172082652
-21.158618398030306
-16.10298550438239
-10.073295118869927
-10.639173546840755
5.426803131107887
-17.113773333569966
9.038153386907531
18.883576063149093
5.216331320266398
-8.67525102542789
6.641321203365457
-5.8602141591278025
-20.69373158727596
-14.325243158199497
17.29864279560303
19.59892031685368
0.6758292727292843
-3.6615058465846873
-4.47206750861563
-0.6733375216640173
20.559945762869404
15.374002815703683
8.775128234752929
-0.5596882220332255
15.270048981211824
-0.04282385426070545
-3.761580789168919
-1.5147717982527196
10.64814742812427
9.445249173730172
2.360287761334556
-10.288097581221368
-11.12429163943155
-5.2891006173692645
-6.98378773118951
4.356453134845037
-15.628609185796197
-9.170891262419198
-13.210117896094648
2.720907354962452
-8.457767179564534
4.029264897714164
2.9703940488168374
-12.831511338767427
-2.4897603447499335
-2.913866246713411
8.8327298964264
-10.861655688774238
-35.447914247751065
14.909135059879741
24.72653681415454
9.242883685191066
-7.147081134314591
-2.7533316159524235
4.895136968034816
-8.412144831487337
24.30598149647541
10.061843985864181
-31.323077108413592
6.335026764096231
-20.16118191064952
8.636290430649243
-3.875116814356991
-24.511198549269338
8.65323587326689
-7.984175937285562
24.787766601890503
9.176437813393614
14.640096799266708
1.8294202949581713
13.446394937821788
-12.338567186803107
-3.270120341520165
0.8497620054826172
12.91971051371953
-7.908865373445254
-21.443255278307376
28.955293915667383
-6.083642419092495
-6.281643751864226
-12.622555032680753
20.663252450741744
-15.506866097337845
-8.132952893800105
0.6235263355527915
2.2511338526309426
-7.92380694309389
3.0828247181085695
4.492968522345076
19.672221039996316
-15.292732739187326
-5.1829063328974545
-1.4036559387623202
-18.968273462502147
-8.788476062176333
17.009465868964693
32.17172559298649
-9.255260712014152
25.744299167059662
4.121901134297765
-3.899735211723163
21.589257944220805
-6.274705369200975
-23.607978809627543
18.352265777742602
9.152369202410458
6.135866774217977
-9.127871156106599
20.72070396391731
-18.09784713288981
-21.77601645536771
-16.17007698770888
10.608750407825566
1.4459725344670495
-9.818164187816741
6.0136810294690495
-1.5352407859355992
17.989123954115946
6.994091530614608
0.8550924862878292
-5.954964843554013
-5.210911048437706
-10.49132225077875
-8.301106958425901
-2.3614565939591037
-0.41036034643241814
2.8301440375894185
15.406811373363361
14.883552809148254
-8.346295695212234
15.854670525634464
23.614299328041703
6.5722456956319615
6.438571060677695
0.2695674949342819
8.57816542709236
1.4913859012318134
11.624333380718754
-13.149592248597454
-14.963649773015872
-11.7473104369402
-25.1974671921632
-6.637493508939816
2.3800449218703257
1.0353013916795835
1.7285280282127515
-13.820244211679
-7.880217401293756
-11.17552563598728
-4.0237390735175715
3.4733157130648102
-11.96158684573114
-6.048821613006756
-10.106302386147329
3.9167940673402115
5.446745899843789
9.65558701898521
4.635871633861434
22.560580271228368
-10.258182079393498
7.897839194501968
13.270231249939345
9.285591745511015
-20.504142922946215
7.398195577245305
-0.5127435741334101
-0.3102369823184074
-3.598693162288966
-5.28532333023579
-2.043275908652752
23.478686640391697
-13.81721689434896
-0.5770276838535333
-10.744898048268382
14.457672634668086
16.50907666595356
-15.97812787591979
-10.193035252796292
5.341361257038128
10.779938468715013
7.770767414537535
19.557919719368222
9.317145585433424
-20.326250653677953
4.532647768304681
6.925475878380198
8.06239366499149
10.11265700813777
4.772390064153885
0.6820363377478176
-6.851352429748225
-5.146586127133148
7.2903869498510545
5.666455068596668
8.200586624610793
-10.038676040453346
8.615462112327355
-7.307940165545904
1.0313502861621888
6.636983683148209
-14.800075841746127
-3.6003858624697846
13.478126376485601
17.835570262380585
19.12510067834935
-0.5588707807228515
17.46470277585607
7.157204733070155
19.223581607150496
9.511670204491095
-6.968578837435795
3.8718582585559354
-20.694815081036012
0.5625078841162654
5.555276106352169
11.242874407491964
-8.773610354544985
-7.170923598102693
3.257855438513924
-3.8606558693522803
-14.172299680118066
-20.527346329571024
28.11910017822627
-7.235840862834564
10.286824278299559
40.47384647035158
-7.403692704357269
-6.985116646446683
-14.944976170182045
-23.17013133394536
-11.53870372864107
-10.932810001163023
5.118348047197303
-9.803906350296739
6.992317746229751
-30.52181680892681
-7.437011521341439
36.44402781804097
18.76719139879731
-7.594059715539599
-16.97186723345099
-2.6807655340636023
-11.321242898732992
-18.304067946146233
11.943226826431495
5.840527966556088
-7.990818549304501
-5.593662869141717
-3.342356210889048
18.150808870111838
-2.175102190203998
-6.29089972258499
4.931557463805371
13.458370148492996
-1.1287271661225176
-16.350757079722925
25.91541632504085
-10.241176967974676
-9.792943456404231
0.8342028648603618
-11.021825418119377
-4.364822248196754
-4.395104200133783
17.73815540267353
1.5464812743428649
-12.75970414403873
1.2831787690212266
23.87145132089045
5.075452552672047
-21.515312047554374
2.261581512410852
8.246750486618375
-8.072176532814453
-17.645300573728584
-0.42818824922084353
9.459796648543213
18.527232820243224
-4.454277044182638
3.4365595365376236
5.734753431941394
-2.5726880788859314
-9.366190692108756
-26.701555336044414
19.26192034899252
10.00470085592492
-2.93134106827172
27.20222362293503
3.8749498111788974
11.406190907056121
5.725835893632191
6.63280831790726
0.11406440252988759
7.625651978921578
-7.999827919253232
-6.699686650810534
13.817131560480572
-5.322560856621616
6.398985898224518
19.978842444775342
-5.407268177317093
-18.11846316911105
-9.155564008075476
18.07023254054971
28.286176247500652
-9.80678715401155
11.928428517332717
-7.339519551799109
-0.1836644769903404
21.000336161472873
4.06799798761243
2.3942158106009552
16.81102933854545
-26.097165080932825
-26.889428904632556
-4.899706763509952
-5.855372596343606
-6.414166271546255
-18.48513389138299
-0.28835040193064115
-26.69152043870924
4.359596223744858
7.201595848580263
-30.366990144356002
-54.72735601008016
9.469701879661095
-1.908811234862956
-12.174111157223525
23.127168493065824
9.548426046173605
18.138745936298847
19.757435114067768
-16.15313504719098
-2.014908490954439
-0.5843868921401971
3.062756723563924
3.597254989245933
6.7790925220251745
-4.42178139776553
-36.98662070796393
-7.27813162013604
-0.8193347261843242
1.1636538290410774
-6.04641784742102
-8.006550491054636
-21.112439799783047
13.903172195318747
-3.4616793744495924
16.99538626837723
-13.926784497487313
21.167183808660454
-7.581826199130293
-0.6912182600189409
-13.855564112221963
24.183062469793732
5.8918611098528535
22.76655681585721
-4.095331963147486
-2.063004025260449
20.33940417955081
-9.305398779333704
-24.87727316937106
-10.043942708798296
0.4365045837488648
4.4124709144129755
5.961172022931026
-9.195356556141533
27.45681453455736
18.11586270187058
-6.559498173124477
-15.470409436237569
-6.922870989731849
24.30694353281216
-21.777422857795624
-26.47809348872393
5.706808649165991
9.2120150973463
9.15907779985603
-0.9832574737842468
9.321161552736356
3.3684795100181653
-11.77323883057365
-5.789336423308425
0.5698560348933451
4.05179921827169
6.290549874728724
-21.207527102413877
7.055883999248582
-3.2471856323537533
-1.0934613624935925
4.152169351092541
0.4346689855727416
5.227026072918405
-14.131243463940203
-8.282075220181515
-6.296828582509001
3.9518522911640623
7.837002791213015
10.88867337956399
7.738346065844832
-4.414164509273359
17.574205167690984
5.298073944262065
19.56916175382412
7.235685493033286
8.644436423972735
12.828455790333866
9.044832291370673
-6.447002672197236
-17.111027776741718
6.791731502604856
-18.777346671956348
7.675509652621788
11.30274438491483
36.068076509775864
-12.574303341891689
-2.3233502245798614
14.594242067948244
-11.623081421082471
13.16840228514846
-0.4797702766758214
17.01814508326018
-14.157069419517239
2.429973506293364
11.184521527239378
-14.079464531480918
13.104232052458718
19.53435709935923
3.1070606526406004
24.400375951802815
16.576395927132182
-8.257247885083991
-30.98922274285313
-16.06013700593934
-4.329811989919979
-13.562081167944735
-18.40423869521579
-20.109941732277584
3.577823191362888
-0.21505700476135337
-5.011965253481808
-2.496215847369135
2.442980834721078
11.580245694727722
-21.32856624318067
21.863154709383167
6.130081884171372
-24.26742490148194
-9.005238811669582
14.637258847194852
-0.48081911028174806
-10.934239606973023
-2.135760375840923
-18.239736732989893
-22.553714341827355
-15.58947872296204
-4.379265209358459
-24.19640921053004
2.3293667888938714
-1.5164483166879164
16.64301434910032
-7.221584384906702
0.6005685906426155
1.289621721067302
-20.81618997781617
-0.21750536068106796
-2.72821475417241
9.958475115077198
-4.154963877541805
28.702446863048014
-7.024868534354278
6.335462244493038
-12.974685678852488
22.467184645448192
-11.420104853937307
-2.450091777197803
-4.496226828013457
-24.890268845950914
-13.751214266904405
-13.854370507039324
0.20892498375177948
-8.71369195402469
-7.576360443993495
10.840555398698447
9.758388206398678
10.478658886271486
14.458961196928847
-14.133652711924325
-4.107527397782716
11.268439126160088
8.524278328338674
-27.055741124690943
-20.400668053774062
37.28049879030192
3.234701733779966
13.599118453341443
14.809350174161857
-3.5632382208459665
-15.178449858731724
-14.29765427240819
-13.283814174363838
11.018889282701634
12.496637073977864
5.9666657945124655
5.7528132056593275
-3.2348186698722055
-1.2146964939747233
5.276307917757693
12.753747628148862
-15.55680747955959
-2.592100477116571
-5.464341103162493
0.5973314316895284
22.217443126740548
8.971647050036406
17.226521890210545
16.434800649250292
16.665216509652222
13.515984449902728
-4.276628026440079
-19.3343135528834
16.247763398982148
18.464136854745476
37.26588328958908
-7.806453952419781
-8.981700084207427
1.844106943487772
-6.915762014922109
-14.876115780421818
3.9024839073429303
-5.599348479399837
20.015692894206694
-6.9251222698155726
-15.843298783382453
-10.976864181555781
-9.4191155099127
17.934028409966558
-3.2674353752809715
16.001365861381394
4.590196630746615
0.5004151774249952
-1.5125428150838305
6.519280126249147
1.7313113269311113
4.314906976092265
2.8455384377087403
-6.286466034670733
5.354290362460868
-23.632908182852365
-26.45062003601902
10.083055043801338
-7.925261259528873
-4.182750486837156
0.7572582711725637
37.58656851659301
9.398083386613187
-22.66244749205095
-3.7954612316781495
-0.16547949250361782
-1.880820864215293
2.64059124500906
-6.9092046262893385
2.170164350526043
-2.038415484243993
10.30640288217833
-16.272938597087112
1.8417681070125997
-15.109590999353737
17.558026933955613
-9.09053142884639
0.5283646066730365
14.514287931852223
-8.876114788017727
-0.08903560431369112
1.385849689603402
-11.253497153434077
-13.031171931373803
10.347803030649457
4.4366818633986185
-6.4800691700746595
-2.538175605229911
-11.672290665893284
-4.932867728134745
-9.264430798089004
0.8669030174673807
2.257415114595891
-2.6153942214568975
14.301841131667693
-13.819865307997114
-12.396678194920554
-10.202685494441141
21.132371897325637
6.600225199985842
-4.150281220709335
-0.9985200354216923
-10.155520302243364
10.64670278045673
15.952240092654378
-7.650455286039804
3.708226625773067
-11.62576625362719
-17.236156772504845
-8.614974728257312
-12.534622053505457
-8.665770083145054
-2.7402030752015856
23.848450104519017
6.996321008843498
-12.320375311378983
18.85577300915169
14.167066453282414
-14.057446645716238
-18.162797077939207
9.777918459977744
-1.6116195532557156
-31.898738685111006
-3.940722396608395
12.846494650313343
2.228955802078316
3.507746655273613
-16.23487927897682
4.469000534713318
-12.580599614231183
9.758043544795823
-5.064683313576013
-22.661665250742693
8.98355200182671
-2.2321660867353934
-17.694785510858374
-4.508112821297341
12.777968467442198
-2.2945670537729765
3.8592490229348972
-6.714945936711277
23.376575675490386
-5.385838966393351
-14.964237265140092
2.710013292885017
14.029875534611161
-7.899058811040883
11.555091655531275
-4.950094856598085
14.134022189886796
-5.307965721335037
4.845305846281856
-14.731948344598656
16.396602507133874
0.44775249636597847
-1.9460528917195004
-11.102262897137548
-9.18029865960241
-20.530790681687733
-10.415667107249098
-3.5586123053501866
8.201065680629569
5.4564096229907095
27.83011732275103
-8.676267424981715
-9.761161784848994
-3.1407348482157347
15.26645494918514
3.267137617688468
7.218747337181456
6.591403246369714
5.57250913859218
-12.284365354212442
-14.539690235934579
7.87318884313457
4.36614321673361
3.9886084271330606
-18.804525149399048
-27.48115850639981
-0.23615401713095818
-12.841128593095792
-1.1591518125368567
5.642743825574444
36.862193961028154
-7.865920722271032
-14.515420333391452
7.122787628846808
