Ea=86.32512950897217	delta_Ea
89.755217730999	3.430088222026825
91.63898266106844	5.3138531520962715
92.57646222412586	6.251332715153694
95.68359638005495	9.358466871082783
77.55530228465796	-8.769827224314213
86.18424832820892	-0.14088118076324463
72.34283151477575	-13.982297994196415
77.99025099724531	-8.334878511726856
83.93347222357988	-2.3916572853922844
73.35841162502766	-12.966717883944511
89.87615724653006	3.551027737557888
88.30184661597013	1.9767171069979668
72.25530456751585	-14.069824941456318
87.92888098955154	1.6037514805793762
85.22613064199686	-1.0989988669753075
90.83953791111708	4.514408402144909
78.32986807823181	-7.9952614307403564
90.82642909139395	4.50129958242178
73.89410810172558	-12.43102140724659
72.4133835285902	-13.911745980381966
91.14593863487244	4.8208091259002686
83.59119409322739	-2.7339354157447815
81.8426972925663	-4.4824322164058685
75.82959208637476	-10.495537422597408
94.8226986899972	8.497569181025028
86.38212706893682	0.05699755996465683
99.42779507488012	13.102665565907955
82.92641343176365	-3.398716077208519
88.49738431721926	2.1722548082470894
92.68709068745375	6.361961178481579
89.5809568837285	3.255827374756336
91.20154038071632	4.876410871744156
86.15861755609512	-0.16651195287704468
85.68887735158205	-0.6362521573901176
80.0866746455431	-6.2384548634290695
80.79784765839577	-5.527281850576401
79.22706038504839	-7.0980691239237785
91.38132689893246	5.056197389960289
79.9872749298811	-6.337854579091072
76.43867318332195	-9.886456325650215
100.23439643532038	13.90926692634821
84.1411404311657	-2.183989077806473
79.3380343541503	-6.987095154821873
92.8704669624567	6.545337453484535
88.1928950920701	1.8677655830979347
73.9607205837965	-12.364408925175667
89.37720490992069	3.0520754009485245
92.08469327539206	5.7595637664198875
81.18579337745905	-5.139336131513119
94.71587026119232	8.390740752220154
95.58036324381828	9.255233734846115
81.27828688919544	-5.046842619776726
86.64575879275799	0.32062928378582
83.59201966971159	-2.733109839260578
92.31232386082411	5.98719435185194
86.60995389521122	0.2848243862390518
91.26995049417019	4.944820985198021
99.2623849362135	12.937255427241325
92.63453416526318	6.309404656291008
91.34143309295177	5.016303583979607
106.45434990525246	20.12922039628029
86.21092326194048	-0.11420624703168869
75.59665548056364	-10.728474028408527
83.31542605161667	-3.0097034573554993
82.41104412078857	-3.9140853881835938
82.46774578094482	-3.8573837280273438
73.64069969952106	-12.684429809451103
82.27742013335228	-4.047709375619888
77.95223477482796	-8.37289473414421
78.87372197210789	-7.451407536864281
93.89963714033365	7.5745076313614845
91.84621802717447	5.521088518202305
90.22925282269716	3.9041233137249947
86.98566617816687	0.6605366691946983
74.26783637702465	-12.057293131947517
86.11509797722101	-0.21003153175115585
82.50044707208872	-3.8246824368834496
89.75831681489944	3.4331873059272766
79.78799315541983	-6.5371363535523415
95.64084973186255	9.315720222890377
82.03368605673313	-4.291443452239037
84.8292630314827	-1.4958664774894714
80.35601331293583	-5.969116196036339
92.69848966598511	6.3733601570129395
93.28253387659788	6.957404367625713
82.3837560787797	-3.9413734301924706
98.20242096483707	11.877291455864906
95.38819984346628	9.063070334494114
84.04675374925137	-2.2783757597208023
80.68845421820879	-5.636675290763378
85.58975805342197	-0.7353714555501938
99.91009869426489	13.58496918529272
72.6704692915082	-13.65466021746397
84.5051483437419	-1.8199811652302742
93.72383885830641	7.39870934933424
83.13192162662745	-3.1932078823447227
87.59979616850615	1.2746666595339775
92.86647153645754	6.541342027485371
91.70901843160391	5.383888922631741
83.99587599933147	-2.3292535096406937
88.55723787099123	2.232108362019062
85.381641253829	-0.9434882551431656
90.01965644955635	3.6945269405841827
79.1903598755598	-7.134769633412361
96.8940899670124	10.568960458040237
76.62942844629288	-9.69570106267929
84.50574196130037	-1.819387547671795
86.54581809043884	0.2206885814666748
75.3182793110609	-11.006850197911263
89.08294443041086	2.757814921438694
80.6793761998415	-5.645753309130669
96.7800302952528	10.454900786280632
84.91624712198973	-1.408882386982441
92.1422201693058	5.817090660333633
90.04502241313457	3.719892904162407
86.96966361254454	0.6445341035723686
80.38351186364889	-5.9416176453232765
80.2267322987318	-6.098397210240364
86.45272959023714	0.1276000812649727
86.59049464762211	0.2653651386499405
84.92656515538692	-1.3985643535852432
86.07088692486286	-0.25424258410930634
86.84825901687145	0.5231295078992844
95.80812792479992	9.482998415827751
72.08071679621935	-14.244412712752819
81.54537361860275	-4.779755890369415
85.15960126370192	-1.1655282452702522
84.16683028638363	-2.158299222588539
93.79225450009108	7.467124991118908
95.63943959772587	9.3143100887537
87.85255908966064	1.5274295806884766
95.7051076516509	9.379978142678738
79.23924653977156	-7.085882969200611
76.71650574356318	-9.608623765408993
99.96684896945953	13.641719460487366
79.42891609668732	-6.896213412284851
63.99355311691761	-22.331576392054558
79.16539369523525	-7.159735813736916
79.07821403443813	-7.246915474534035
77.40463991463184	-8.920489594340324
83.01142429560423	-3.313705213367939
83.91411225497723	-2.4110172539949417
78.30956807732582	-8.015561431646347
80.9078430980444	-5.4172864109277725
86.07824302464724	-0.2468864843249321
77.62085819989443	-8.70427130907774
84.41477546095848	-1.9103540480136871
94.76516353338957	8.4400340244174
73.98780340701342	-12.337326101958752
89.10378401726484	2.778654508292675
78.78356947004795	-7.541560038924217
91.48388674110174	5.158757232129574
81.74727331846952	-4.577856190502644
80.96271413564682	-5.362415373325348
68.03897340595722	-18.286156103014946
80.30498687177896	-6.020142637193203
76.00926497578621	-10.315864533185959
66.62069715559483	-19.704432353377342
78.7834086343646	-7.541720874607563
92.06997311860323	5.7448436096310616
77.45701169222593	-8.868117816746235
80.40774090588093	-5.91738860309124
88.65735372900963	2.3322242200374603
84.5181053802371	-1.8070241287350655
95.16297847032547	8.837848961353302
75.60758820921183	-10.717541299760342
80.13157030194998	-6.19355920702219
84.139628008008	-2.1855015009641647
81.19274298101664	-5.132386527955532
90.25733547657728	3.932205967605114
92.74967315793037	6.424543648958206
91.69266986846924	5.36754035949707
80.78351940214634	-5.5416101068258286
78.83837532252073	-7.486754186451435
101.03836879879236	14.713239289820194
88.81669171154499	2.4915622025728226
81.07054951041937	-5.254579998552799
90.61660877615213	4.291479267179966
96.73181636631489	10.40668685734272
89.06080079078674	2.735671281814575
88.1503973454237	1.8252678364515305
89.46554957330227	3.140420064330101
89.92470429092646	3.5995747819542885
89.99049516767263	3.665365658700466
79.70980367064476	-6.615325838327408
93.57871040701866	7.2535808980464935
81.65030997991562	-4.674819529056549
82.53487268835306	-3.7902568206191063
90.50803330540657	4.1829037964344025
71.82387236505747	-14.5012571439147
93.6046843752265	7.27955486625433
60.11644443124533	-26.20868507772684
84.1442336589098	-2.1808958500623703
88.94088560342789	2.615756094455719
78.41005775332451	-7.915071755647659
67.1137090921402	-19.21142041683197
92.04106809943914	5.715938590466976
86.8243148252368	0.49918531626462936
95.7773203253746	9.452190816402435
87.01818802952766	0.6930585205554962
87.35826602578163	1.0331365168094635
84.4309356957674	-1.8941938132047653
89.84230123460293	3.51717172563076
93.06769350916147	6.742564000189304
84.27925778925419	-2.0458717197179794
84.157690115273	-2.167439393699169
99.87391768395901	13.54878817498684
89.74954394996166	3.4244144409894943
81.99852649867535	-4.326603010296822
86.24113019555807	-0.08399931341409683
77.36923606693745	-8.955893442034721
87.09903392195702	0.773904412984848
84.4237248301506	-1.9014046788215637
91.24939454346895	4.924265034496784
84.04238187521696	-2.282747633755207
95.75505688041449	9.429927371442318
87.44566552340984	1.1205360144376755
92.83348795771599	6.50835844874382
82.76981560885906	-3.5553139001131058
82.25354623794556	-4.071583271026611
84.27892845869064	-2.0462010502815247
88.96325463801622	2.638125129044056
79.29512410610914	-7.030005402863026
92.34493696689606	6.019807457923889
72.43065840750933	-13.894471101462841
84.84166245162487	-1.4834670573472977
85.07738263905048	-1.2477468699216843
90.20880283415318	3.8836733251810074
75.17753907293081	-11.147590436041355
95.30685790628195	8.98172839730978
91.30682498961687	4.981695480644703
91.4224630817771	5.097333572804928
82.03234658390284	-4.292782925069332
84.17274119704962	-2.15238831192255
95.84834673255682	9.523217223584652
87.77948293834925	1.454353429377079
86.49190372228622	0.1667742133140564
91.4160459190607	5.090916410088539
81.71706712990999	-4.608062379062176
88.99415648728609	2.669026978313923
81.12523749470711	-5.19989201426506
75.35612348467112	-10.969006024301052
83.07110089808702	-3.2540286108851433
80.47439943253994	-5.850730076432228
89.24796286225319	2.922833353281021
73.44128008931875	-12.883849419653416
99.01593624800444	12.690806739032269
105.17564452439547	18.850515015423298
72.18112564086914	-14.144003868103027
91.76944844424725	5.444318935275078
78.78708397597075	-7.538045533001423
80.1745173111558	-6.150612197816372
83.2940004914999	-3.031129017472267
93.98121274262667	7.656083233654499
88.02066897600889	1.695539467036724
84.06189830601215	-2.2632312029600143
81.9994657188654	-4.325663790106773
103.04867104440928	16.723541535437107
89.25410345941782	2.928973950445652
91.85506983846426	5.529940329492092
101.45232578366995	15.12719627469778
84.9322771653533	-1.3928523436188698
85.04922417551279	-1.2759053334593773
94.04440283030272	7.719273321330547
83.77196772396564	-2.553161785006523
79.68384280055761	-6.641286708414555
93.54468718916178	7.2195576801896095
89.39925103634596	3.0741215273737907
82.09934934228659	-4.225780166685581
93.31031689047813	6.985187381505966
78.50447039306164	-7.82065911591053
82.47431423515081	-3.850815273821354
93.17026568949223	6.845136180520058
81.85969469696283	-4.465434812009335
87.62912964820862	1.3040001392364502
71.90713908523321	-14.417990423738956
82.06835283339024	-4.256776675581932
85.8796238899231	-0.44550561904907227
82.67447254806757	-3.6506569609045982
89.82615292072296	3.5010234117507935
83.25279871374369	-3.0723307952284813
82.45820277184248	-3.8669267371296883
77.14826395362616	-9.176865555346012
90.91531930118799	4.590189792215824
73.06284189224243	-13.262287616729736
91.1853976547718	4.860268145799637
95.91701790690422	9.591888397932053
102.52889186143875	16.203762352466583
79.4695021957159	-6.855627313256264
90.4457798525691	4.120650343596935
72.12976511567831	-14.195364393293858
93.5210762321949	7.1959467232227325
85.94780106842518	-0.37732844054698944
87.48621216416359	1.1610826551914215
81.69910588860512	-4.62602362036705
86.10971363633871	-0.21541587263345718
85.2717996686697	-1.0533298403024673
97.73339579999447	11.4082662910223
90.28906371444464	3.9639342054724693
77.52680985629559	-8.798319652676582
84.0722060278058	-2.2529234811663628
85.20542205125093	-1.1197074577212334
75.2288842573762	-11.096245251595974
101.93192003667355	15.606790527701378
90.70409551262856	4.378966003656387
83.98779779672623	-2.337331712245941
82.96405894309282	-3.361070565879345
92.89330921322107	6.568179704248905
73.59960030764341	-12.725529201328754
88.56008591502905	2.234956406056881
79.81284688413143	-6.512282624840736
78.98744778335094	-7.3376817256212234
92.44036117196083	6.115231662988663
87.7556090131402	1.4304795041680336
83.71613657474518	-2.6089929342269897
91.74357049167156	5.418440982699394
91.58814034610987	5.263010837137699
90.12031789124012	3.795188382267952
85.26969347149134	-1.0554360374808311
94.86908496916294	8.543955460190773
92.73034003376961	6.40521052479744
87.71510187536478	1.3899723663926125
86.81917925924063	0.4940497502684593
96.56991663575172	10.244787126779556
76.00706771016121	-10.318061798810959
80.8509684279561	-5.474161081016064
88.18105840682983	1.855928897857666
77.0826505869627	-9.242478922009468
75.2396445274353	-11.085484981536865
84.26497419923544	-2.0601553097367287
76.12744201719761	-10.197687491774559
84.82925313711166	-1.4958763718605042
75.12491492182016	-11.200214587152004
85.63242396712303	-0.6927055418491364
78.23793795704842	-8.087191551923752
84.37700885534286	-1.948120653629303
80.15354272723198	-6.171586781740189
83.47013011574745	-2.854999393224716
86.45557860285044	0.1304490938782692
85.01068690419197	-1.3144426047801971
80.39531330764294	-5.929816201329231
86.11397401988506	-0.2111554890871048
81.715387634933	-4.609741874039173
88.75330936908722	2.4281798601150513
83.94355571269989	-2.381573796272278
75.57125246524811	-10.75387704372406
82.20768404006958	-4.117445468902588
84.27952346205711	-2.0456060469150543
81.3459751829505	-4.979154326021671
88.99306868761778	2.667939178645611
90.75594299286604	4.430813483893871
90.12815172970295	3.8030222207307816
82.4576213285327	-3.867508180439472
93.93424262851477	7.609113119542599
86.2674932256341	-0.057636283338069916
72.26783869415522	-14.057290814816952
86.37008413672447	0.04495462775230408
81.05249134451151	-5.272638164460659
92.5895618274808	6.264432318508625
85.7763234525919	-0.5488060563802719
75.94854398071766	-10.376585528254509
89.83634623885155	3.5112167298793793
88.40471976995468	2.0795902609825134
91.25859998166561	4.933470472693443
84.39435248821974	-1.93077702075243
81.90721073001623	-4.417918778955936
85.7045435756445	-0.6205859333276749
91.18252807855606	4.857398569583893
90.18251118063927	3.857381671667099
79.71422743797302	-6.6109020709991455
83.4943130761385	-2.8308164328336716
84.98998876661062	-1.3351407423615456
94.89762074500322	8.572491236031055
96.22949386388063	9.904364354908466
85.48461543768644	-0.8405140712857246
80.41566260904074	-5.909466899931431
93.24116455763578	6.916035048663616
95.38566366583109	9.060534156858921
82.90375895053148	-3.4213705584406853
66.01204080879688	-20.313088700175285
69.81986381858587	-16.505265690386295
83.43905291706324	-2.8860765919089317
87.08185487240553	0.756725363433361
90.70779872685671	4.382669217884541
75.74390158057213	-10.58122792840004
89.94050247967243	3.615372970700264
92.01069489866495	5.685565389692783
73.78622840344906	-12.53890110552311
83.75280974060297	-2.572319768369198
83.97753748297691	-2.3475920259952545
82.1435640975833	-4.181565411388874
91.60002005845308	5.274890549480915
87.79350157827139	1.468372069299221
90.54048835486174	4.215358845889568
75.0216988325119	-11.303430676460266
86.44132032245398	0.11619081348180771
92.2194497808814	5.894320271909237
86.05054726451635	-0.27458224445581436
82.99618139117956	-3.3289481177926064
80.21492186933756	-6.110207639634609
99.4693990200758	13.14426951110363
88.32482820004225	1.9996986910700798
88.6604949682951	2.3353654593229294
97.5966247022152	11.271495193243027
80.74783986061811	-5.5772896483540535
77.00295536965132	-9.32217413932085
83.05548148602247	-3.2696480229496956
97.6297132447362	11.304583735764027
87.37737222015858	1.052242711186409
78.21099004149437	-8.114139467477798
97.50362956523895	11.178500056266785
78.46997617930174	-7.855153329670429
82.70101517438889	-3.6241143345832825
77.22331485897303	-9.101814649999142
76.81703236699104	-9.508097141981125
74.46503122150898	-11.860098287463188
85.85649331659079	-0.468636192381382
68.54215148836374	-17.782978020608425
101.73398954421282	15.40886003524065
91.92980369925499	5.604674190282822
73.83579770475626	-12.489331804215908
108.18428035825491	21.85915084928274
78.31525212526321	-8.009877383708954
68.61383038759232	-17.711299121379852
79.15852198004723	-7.166607528924942
85.26831120252609	-1.0568183064460754
89.78693087399006	3.461801365017891
71.94119071960449	-14.383938789367676
70.44056858867407	-15.8845609202981
79.84752026200294	-6.477609246969223
86.15876590460539	-0.16636360436677933
82.07530489563942	-4.249824613332748
80.30734300613403	-6.017786502838135
93.90095975250006	7.575830243527889
75.58566569536924	-10.739463813602924
92.19908379018307	5.873954281210899
68.42612544447184	-17.899004064500332
84.57132030278444	-1.753809206187725
92.48639617860317	6.161266669631004
76.48450279980898	-9.840626709163189
81.81265711784363	-4.51247239112854
86.12730462104082	-0.1978248879313469
76.91623655706644	-9.408892951905727
73.10239319503307	-13.222736313939095
78.0163741633296	-8.308755345642567
91.89693637937307	5.571806870400906
90.69023969769478	4.3651101887226105
91.9960882216692	5.670958712697029
89.95696244388819	3.6318329349160194
81.43910447508097	-4.886025033891201
82.0567985624075	-4.268330946564674
106.61663078516722	20.29150127619505
92.32520697265863	6.000077463686466
68.38443046808243	-17.94069904088974
86.1427091434598	-0.18242036551237106
96.91967620700598	10.59454669803381
83.39322096854448	-2.931908540427685
90.17200472950935	3.8468752205371857
91.49953919649124	5.1744096875190735
85.83965428173542	-0.48547522723674774
92.85564249753952	6.530512988567352
87.5283397808671	1.2032102718949318
86.10463061928749	-0.22049888968467712
93.20391068607569	6.878781177103519
80.96057768166065	-5.364551827311516
91.52221269160509	5.197083182632923
86.33667950332165	0.011549994349479675
84.1662365347147	-2.158892974257469
101.98577689379454	15.660647384822369
90.18177292495966	3.8566434159874916
82.01381811499596	-4.3113113939762115
78.5147142931819	-7.810415215790272
84.79698570072651	-1.5281438082456589
74.88679470866919	-11.438334800302982
77.20018592476845	-9.12494358420372
88.71099829673767	2.385868787765503
82.56824661791325	-3.756882891058922
88.8422195315361	2.5170900225639343
78.38066840916872	-7.944461099803448
87.54496444761753	1.2198349386453629
97.25483163446188	10.929702125489712
79.2305763810873	-7.094553127884865
88.52711644023657	2.2019869312644005
79.96090300381184	-6.364226505160332
89.51614445447922	3.1910149455070496
79.49081529676914	-6.834314212203026
91.12306516617537	4.7979356572031975
87.61813136190176	1.2930018529295921
79.98349269479513	-6.341636814177036
84.61500147730112	-1.7101280316710472
87.47466640919447	1.1495369002223015
80.98336821049452	-5.34176129847765
85.6155998557806	-0.7095296531915665
90.06942684203386	3.744297333061695
76.07337917387486	-10.251750335097313
69.984898455441	-16.34023105353117
89.44516947865486	3.1200399696826935
90.00245010852814	3.6773205995559692
91.78937074542046	5.464241236448288
106.26988898217678	19.944759473204613
91.2400197610259	4.914890252053738
85.71488448232412	-0.6102450266480446
83.67838784307241	-2.6467416658997536
97.26533523947	10.940205730497837
88.58759821206331	2.2624687030911446
81.52197533845901	-4.803154170513153
82.74573250114918	-3.5793970078229904
89.7344668880105	3.409337379038334
84.14391205459833	-2.1812174543738365
74.44487123191357	-11.880258277058601
74.32442880421877	-12.000700704753399
97.91150916367769	11.586379654705524
85.6958602592349	-0.6292692497372627
94.26484352350235	7.939714014530182
93.94646917283535	7.621339663863182
97.70618839561939	11.381058886647224
80.03481911867857	-6.290310390293598
85.63429639488459	-0.6908331140875816
77.3104849383235	-9.01464457064867
84.88211823254824	-1.4430112764239311
89.91279219090939	3.5876626819372177
86.99682071059942	0.6716912016272545
78.37885543704033	-7.946274071931839
83.57810701429844	-2.747022494673729
83.24068177491426	-3.0844477340579033
81.6448959633708	-4.680233545601368
95.64269983023405	9.317570321261883
90.45785593241453	4.132726423442364
78.25978272408247	-8.065346784889698
92.0582993477583	5.733169838786125
94.8744693621993	8.549339853227139
92.13855440169573	5.81342489272356
86.10857141017914	-0.21655809879302979
73.09261313080788	-13.232516378164291
97.27505330741405	10.949923798441887
100.22872082144022	13.903591312468052
75.90991499274969	-10.415214516222477
101.6779575869441	15.352828077971935
92.62340433895588	6.298274829983711
89.12395336478949	2.798823855817318
82.68791428208351	-3.6372152268886566
95.50627946853638	9.181149959564209
92.66295175999403	6.337822251021862
70.16980979591608	-16.155319713056087
77.17996434867382	-9.145165160298347
79.60080574452877	-6.7243237644433975
76.19385430961847	-10.131275199353695
82.3676805049181	-3.9574490040540695
94.23239724338055	7.907267734408379
80.22309890389442	-6.1020306050777435
76.04877191781998	-10.276357591152191
90.07623161375523	3.751102104783058
92.53699839860201	6.211868889629841
96.91021309792995	10.585083588957787
79.45748627185822	-6.867643237113953
90.31517791002989	3.99004840105772
96.35769681632519	10.03256730735302
88.63047730177641	2.305347792804241
99.4412991181016	13.116169609129429
86.42065618932247	0.09552668035030365
73.24614854156971	-13.078980967402458
94.23040890693665	7.9052793979644775
71.73951172083616	-14.585617788136005
88.63148442655802	2.3063549175858498
94.68574896454811	8.360619455575943
85.07060752809048	-1.254521980881691
89.87471573799849	3.5495862290263176
89.940070271492	3.6149407625198364
84.46178942918777	-1.8633400797843933
91.2298891171813	4.904759608209133
90.82353730499744	4.498407796025276
77.11845728754997	-9.206672221422195
85.10132786631584	-1.2238016426563263
63.68373212963343	-22.64139737933874
76.44502013921738	-9.880109369754791
98.35249742865562	12.027367919683456
86.43076840788126	0.10563889890909195
85.28873441368341	-1.0363950952887535
92.74372167885303	6.418592169880867
89.1397033110261	2.8145738020539284
88.09745242446661	1.772322915494442
84.01115471124649	-2.3139747977256775
84.1523931324482	-2.1727363765239716
93.68791588395834	7.362786374986172
84.54524733871222	-1.7798821702599525
83.30492497235537	-3.020204536616802
91.34238941222429	5.017259903252125
88.38607764989138	2.0609481409192085
92.2173365727067	5.892207063734531
86.8253971785307	0.5002676695585251
86.8891651108861	0.564035601913929
96.4366968497634	10.111567340791225
78.50881390273571	-7.816315606236458
101.00299437344074	14.677864864468575
93.47374211251736	7.148612603545189
91.91375260800123	5.588623099029064
80.68808794021606	-5.6370415687561035
81.76504597812891	-4.560083530843258
95.27322340011597	8.948093891143799
87.48315587639809	1.1580263674259186
75.88860511034727	-10.436524398624897
95.43811120837927	9.1129816994071
88.98197336494923	2.6568438559770584
96.60616344958544	10.28103394061327
81.95943691581488	-4.365692593157291
90.8048987314105	4.479769222438335
86.93132068961859	0.6061911806464195
81.23756100982428	-5.087568499147892
90.37708502262831	4.051955513656139
81.34504886716604	-4.980080641806126
64.95109844952822	-21.37403105944395
87.82743938267231	1.502309873700142
84.694385625422	-1.630743883550167
86.04056884348392	-0.2845606654882431
83.03786382824183	-3.287265680730343
78.31073270738125	-8.01439680159092
77.49888124316931	-8.82624826580286
87.38913726061583	1.0640077516436577
78.45944255590439	-7.8656869530677795
77.90828581154346	-8.416843697428703
80.14147099852562	-6.1836585104465485
86.2912225201726	-0.03390698879957199
84.75283055007458	-1.5722989588975906
88.57080260664225	2.2456730976700783
76.5432595834136	-9.781869925558567
92.43550822883844	6.110378719866276
76.56914307922125	-9.75598642975092
104.53403462469578	18.20890511572361
100.19314102828503	13.868011519312859
85.329918384552	-0.995211124420166
83.01909831911325	-3.3060311898589134
84.9927628338337	-1.3323666751384735
68.12825941294432	-18.19687009602785
79.16076602041721	-7.1643634885549545
81.87219435721636	-4.45293515175581
89.60492287576199	3.279793366789818
84.15809229016304	-2.167037218809128
91.90719930827618	5.5820697993040085
94.64408867061138	8.318959161639214
101.6583885923028	15.333259083330631
79.42729196697474	-6.897837541997433
83.05781376361847	-3.2673157453536987
85.48635723441839	-0.8387722745537758
94.52711589634418	8.201986387372017
89.69397336244583	3.3688438534736633
86.92911060154438	0.6039810925722122
96.1853301897645	9.860200680792332
77.65263010561466	-8.672499403357506
89.43036583811045	3.105236329138279
96.93715959042311	10.61203008145094
80.11037658900023	-6.214752919971943
80.80383301526308	-5.521296493709087
76.05295126885176	-10.272178240120411
82.88571802526712	-3.439411483705044
83.13486071676016	-3.1902687922120094
83.05899412930012	-3.2661353796720505
74.58860986679792	-11.736519642174244
74.32336100190878	-12.001768507063389
89.38880776613951	3.0636782571673393
93.71394035220146	7.388810843229294
84.31571391969919	-2.009415589272976
89.91194261610508	3.5868131071329117
88.69967180490494	2.3745422959327698
77.31737422198057	-9.007755286991596
94.49037635326385	8.165246844291687
86.6413993909955	0.3162698820233345
83.7650351524353	-2.5600943565368652
86.22889430820942	-0.09623520076274872
85.13725008070469	-1.187879428267479
80.37537832558155	-5.949751183390617
99.1735986545682	12.848469145596027
86.36156652867794	0.0364370197057724
92.70430064946413	6.379171140491962
91.99479453265667	5.669665023684502
96.34263276308775	10.017503254115582
89.03563448041677	2.710504971444607
86.74249685555696	0.4173673465847969
90.07414839416742	3.7490188851952553
90.90264088660479	4.577511377632618
74.492984354496	-11.832145154476166
88.07792746275663	1.7527979537844658
79.89029610157013	-6.434833407402039
81.04496578127146	-5.28016372770071
74.55529033392668	-11.76983917504549
89.75508034974337	3.4299508407711983
79.65689194202423	-6.668237566947937
94.55321325361729	8.228083744645119
89.59159112721682	3.266461618244648
73.59802831709385	-12.727101191878319
90.04994700103998	3.724817492067814
81.89197383075953	-4.433155678212643
80.02231995016336	-6.302809558808804
84.51221704483032	-1.8129124641418457
90.7926163226366	4.467486813664436
88.87893438339233	2.553804874420166
70.80775917321444	-15.517370335757732
90.80600996315479	4.480880454182625
87.12199606001377	0.7968665510416031
96.18555290997028	9.860423400998116
82.4310821518302	-3.8940473571419716
94.0819885507226	7.756859041750431
86.2975143790245	-0.027615129947662354
84.20017943531275	-2.12495007365942
76.86092448979616	-9.464205019176006
82.77823949605227	-3.546890012919903
78.12263890355825	-8.202490605413914
85.33491000533104	-0.9902195036411285
77.86780535429716	-8.457324154675007
77.07676815241575	-9.248361356556416
76.75883561372757	-9.566293895244598
89.36747611314058	3.042346604168415
83.10584000498056	-3.219289503991604
76.82849925756454	-9.496630251407623
87.44339141249657	1.1182619035243988
90.92012792080641	4.59499841183424
82.04784785956144	-4.277281649410725
78.06328058987856	-8.261848919093609
81.94359616190195	-4.381533347070217
78.38346087187529	-7.941668637096882
76.29099001735449	-10.03413949161768
79.14745330065489	-7.17767620831728
91.42216196656227	5.097032457590103
85.67116913944483	-0.6539603695273399
78.63306798785925	-7.692061521112919
82.67577165365219	-3.649357855319977
76.61968657374382	-9.705442935228348
71.44890709966421	-14.876222409307957
90.03088407963514	3.7057545706629753
80.84506043046713	-5.480069078505039
99.68204320967197	13.356913700699806
100.64953103661537	14.324401527643204
94.25904478132725	7.93391527235508
84.24116550385952	-2.083964005112648
83.03417723625898	-3.2909522727131844
92.16886109113693	5.843731582164764
69.36443649232388	-16.960693016648293
73.31613551825285	-13.008993990719318
86.30418138951063	-0.020948119461536407
97.9147889316082	11.589659422636032
85.78347609192133	-0.5416534170508385
93.64192121475935	7.316791705787182
105.19873524457216	18.873605735599995
84.05454946309328	-2.270580045878887
92.8786257430911	6.5534962341189384
79.61685550957918	-6.708273999392986
94.00593191385269	7.680802404880524
74.06077697873116	-12.264352530241013
66.5998692587018	-19.725260250270367
88.48516158014536	2.160032071173191
85.22445932775736	-1.1006701812148094
84.12078081071377	-2.2043486982584
98.98907700926065	12.663947500288486
83.14141631126404	-3.18371319770813
85.55720607936382	-0.767923429608345
66.26818314194679	-20.056946367025375
72.29243387281895	-14.032695636153221
80.1070205271244	-6.218108981847763
89.02377790957689	2.698648400604725
94.36182024329901	8.03669073432684
89.02268426120281	2.6975547522306442
92.7269034832716	6.401773974299431
89.9543194398284	3.629189930856228
81.57278534770012	-4.752344161272049
79.15463753789663	-7.170491971075535
97.48999928683043	11.164869777858257
83.86761827766895	-2.457511231303215
85.24861857295036	-1.0765109360218048
90.20326191186905	3.878132402896881
78.52874957770109	-7.796379931271076
98.09466096758842	11.769531458616257
99.62383874505758	13.298709236085415
84.95371855050325	-1.371410958468914
86.47226566821337	0.1471361592411995
62.50946319848299	-23.815666310489178
75.25872329622507	-11.066406212747097
87.91452350467443	1.5893939957022667
79.6379990875721	-6.68713042140007
83.4496990442276	-2.875430464744568
104.21744557470083	17.892316065728664
84.99976631999016	-1.3253631889820099
96.41788236051798	10.09275285154581
90.12755398452282	3.8024244755506516
102.63021959364414	16.305090084671974
86.03222939372063	-0.29290011525154114
79.98714572936296	-6.337983779609203
83.72172529250383	-2.603404216468334
92.77378027141094	6.448650762438774
81.28322596848011	-5.041903540492058
98.13685592263937	11.811726413667202
73.38760193437338	-12.93752757459879
73.65679123997688	-12.668338268995285
89.76752892136574	3.44239941239357
97.45921440422535	11.134084895253181
94.51552089303732	8.190391384065151
83.71963775157928	-2.6054917573928833
81.77715034037828	-4.5479791685938835
79.07857128977776	-7.246558219194412
85.47359269857407	-0.8515368103981018
82.85270524024963	-3.472424268722534
93.75472053140402	7.42959102243185
87.49605287611485	1.1709233671426773
67.59405487775803	-18.731074631214142
78.4497544541955	-7.8753750547766685
78.29312320798635	-8.032006300985813
83.41041564196348	-2.914713867008686
82.64684686809778	-3.678282640874386
102.21653342992067	15.891403920948505
81.48355945199728	-4.841570056974888
89.73027958720922	3.4051500782370567
92.4030230268836	6.077893517911434
84.39079108089209	-1.934338428080082
87.35955543071032	1.0344259217381477
80.65299978852272	-5.672129720449448
70.55741780996323	-15.767711699008942
86.58437036722898	0.25924085825681686
78.8915043771267	-7.433625131845474
85.48488684743643	-0.8402426615357399
72.21736664324999	-14.10776286572218
80.58754931390285	-5.737580195069313
89.57437285780907	3.249243348836899
92.9732968583703	6.648167349398136
81.90752462297678	-4.417604885995388
88.55737776309252	2.23224825412035
79.97841217368841	-6.346717335283756
77.4777869284153	-8.84734258055687
82.62944795936346	-3.6956815496087074
75.76654601097107	-10.558583498001099
86.78692846745253	0.4617989584803581
73.27192386984825	-13.053205639123917
84.91931731253862	-1.4058121964335442
83.7125547900796	-2.6125747188925743
99.75693880021572	13.431809291243553
89.76565673947334	3.440527230501175
80.42053239792585	-5.904597111046314
74.76807891577482	-11.557050593197346
93.18485800176859	6.859728492796421
84.45680875331163	-1.868320755660534
96.16720037907362	9.842070870101452
92.70770365744829	6.382574148476124
85.30454448610544	-1.020585022866726
86.62461948394775	0.29948997497558594
80.54173989593983	-5.783389613032341
83.3602941557765	-2.9648353531956673
89.45452736318111	3.1293978542089462
93.21850092709064	6.893371418118477
86.94972529262304	0.6245957836508751
88.75224926322699	2.427119754254818
86.99674441665411	0.671614907681942
74.96374895423651	-11.36138055473566
92.86549298465252	6.540363475680351
95.4165073633194	9.091377854347229
86.33267367631197	0.007544167339801788
85.56684821099043	-0.758281297981739
80.5589836910367	-5.766145817935467
87.87511923909187	1.5499897301197052
97.70887361466885	11.383744105696678
99.7488788664341	13.42374935746193
80.75150195509195	-5.573627553880215
78.85885959118605	-7.466269917786121
91.16070304811001	4.83557353913784
90.54599334299564	4.220863834023476
89.53823270648718	3.213103197515011
91.42783114314079	5.102701634168625
93.72498290985823	7.399853400886059
89.18240793794394	2.8572784289717674
84.30537700653076	-2.0197525024414062
94.17966286838055	7.854533359408379
87.2431586459279	0.9180291369557381
75.89636812359095	-10.428761385381222
88.31659274548292	1.9914632365107536
83.73316897451878	-2.591960534453392
83.23788096755743	-3.0872485414147377
93.28809957951307	6.962970070540905
71.76710320264101	-14.558026306331158
98.35386306792498	12.028733558952808
86.86116610467434	0.5360365957021713
72.64602514356375	-13.67910436540842
81.33670428395271	-4.988425225019455
78.15537026524544	-8.16975924372673
85.99673786014318	-0.3283916488289833
90.15725024789572	3.8321207389235497
106.46775770932436	20.142628200352192
75.96680351346731	-10.358325995504856
84.03336319327354	-2.2917663156986237
84.54218714684248	-1.7829423621296883
86.19568575918674	-0.12944374978542328
77.56722434610128	-8.757905162870884
78.8169599249959	-7.508169583976269
85.22130129486322	-1.103828214108944
83.04399237036705	-3.281137138605118
87.52924909442663	1.204119585454464
80.19300094246864	-6.132128566503525
84.15368331223726	-2.1714461967349052
103.21790661662817	16.892777107656002
95.62502765655518	9.299898147583008
73.91736491024494	-12.407764598727226
74.29883147776127	-12.0262980312109
89.59311546385288	3.2679859548807144
82.3347999677062	-3.9903295412659645
74.726736523211	-11.598392985761166
84.11014385521412	-2.214985653758049
77.69866594672203	-8.626463562250137
78.3725756406784	-7.952553868293762
94.70565020292997	8.380520693957806
92.34140081703663	6.016271308064461
84.01862182468176	-2.306507684290409
85.4480729997158	-0.8770565092563629
94.38553618639708	8.060406677424908
97.73595887422562	11.410829365253448
81.77037201076746	-4.554757498204708
90.92561260610819	4.600483097136021
82.75842575728893	-3.566703751683235
79.67076256871223	-6.6543669402599335
73.14786710590124	-13.177262403070927
98.69288373738527	12.367754228413105
79.61436934024096	-6.710760168731213
101.43080291897058	15.105673409998417
87.79098492860794	1.4658554196357727
78.26773612201214	-8.05739338696003
92.3634737432003	6.038344234228134
73.36844608187675	-12.956683427095413
85.06192048639059	-1.2632090225815773
71.8075395449996	-14.517589963972569
80.44872020184994	-5.8764093071222305
90.44842753559351	4.123298026621342
84.19845310598612	-2.1266764029860497
83.81489969789982	-2.5102298110723495
89.4142281934619	3.089098684489727
82.0577213615179	-4.267408147454262
84.94814646989107	-1.3769830390810966
94.23783782869577	7.912708319723606
86.58733057230711	0.26220106333494186
82.16970296949148	-4.155426539480686
83.75219116359949	-2.572938345372677
97.68697840720415	11.361848898231983
96.52678595483303	10.201656445860863
90.40343031287193	4.078300803899765
89.99044091999531	3.66531141102314
87.5660908818245	1.2409613728523254
89.6612074226141	3.3360779136419296
87.96540678292513	1.640277273952961
99.95683129876852	13.631701789796352
96.75293841958046	10.427808910608292
83.49180249869823	-2.8333270102739334
92.89898330718279	6.573853798210621
92.82735032588243	6.502220816910267
95.94306243211031	9.617932923138142
78.47087068110704	-7.854258827865124
76.42647478729486	-9.898654721677303
96.01588518172503	9.690755672752857
69.17681662738323	-17.148312881588936
84.43634884059429	-1.8887806683778763
86.02819272130728	-0.2969367876648903
98.46657506376505	12.141445554792881
77.4741485863924	-8.850980922579765
90.96935416013002	4.644224651157856
89.57540471106768	3.2502752020955086
89.05228052288294	2.7271510139107704
92.3336344063282	6.008504897356033
90.09728123992682	3.772151730954647
94.13247757405043	7.8073480650782585
82.26293497532606	-4.062194533646107
85.03787165880203	-1.2872578501701355
83.74209314584732	-2.5830363631248474
82.86934864521027	-3.455780863761902
94.61994919925928	8.294819690287113
89.78711080551147	3.4619812965393066
83.27251183986664	-3.05261766910553
94.20130769908428	7.876178190112114
88.44604390114546	2.1209143921732903
87.56434966623783	1.2392201572656631
96.54214699566364	10.217017486691475
88.16797480732203	1.8428452983498573
92.81878728419542	6.493657775223255
88.10065308958292	1.775523580610752
81.62384185940027	-4.701287649571896
101.01832919567823	14.693199686706066
98.05132414400578	11.726194635033607
78.54524499177933	-7.779884517192841
84.2075589299202	-2.1175705790519714
83.02957990765572	-3.295549601316452
102.26535587012768	15.94022636115551
94.09521915018559	7.770089641213417
82.02026458084583	-4.304864928126335
85.3234015405178	-1.001727968454361
84.67314486205578	-1.6519846469163895
94.74175783246756	8.416628323495388
78.29229599237442	-8.032833516597748
82.100606828928	-4.224522680044174
83.07839823514223	-3.246731273829937
83.91438055038452	-2.4107489585876465
81.13694932311773	-5.188180185854435
75.23999710381031	-11.085132405161858
90.15699291229248	3.8318634033203125
78.38538531959057	-7.939744189381599
86.69570438563824	0.37057487666606903
87.10117787122726	0.7760483622550964
97.91476167738438	11.589632168412209
84.72552827000618	-1.5996012389659882
80.16496443748474	-6.160165071487427
74.33813010901213	-11.986999399960041
90.37548199295998	4.050352483987808
79.80885936319828	-6.516270145773888
88.23118355125189	1.9060540422797203
91.08242934197187	4.757299832999706
88.48574560880661	2.160616099834442
77.187281049788	-9.13784845918417
85.14783145487309	-1.177298054099083
98.16890736669302	11.843777857720852
85.95234888792038	-0.37278062105178833
95.74813926964998	9.423009760677814
83.40080034732819	-2.924329161643982
77.64018628001213	-8.684943228960037
97.67037071287632	11.345241203904152
91.55875534564257	5.233625836670399
98.8452106192708	12.520081110298634
89.51419729739428	3.1890677884221077
80.55587700754404	-5.769252501428127
90.2626624405384	3.9375329315662384
76.03053253889084	-10.29459697008133
95.20504711568356	8.879917606711388
83.30267785489559	-3.0224516540765762
84.75360663235188	-1.5715228766202927
80.21032483875751	-6.114804670214653
84.40763580799103	-1.9174937009811401
75.91590851545334	-10.40922099351883
65.7050167992711	-20.62011270970106
76.78131633251905	-9.543813176453114
90.39845699816942	4.073327489197254
99.49520066380501	13.17007115483284
91.09963639825583	4.774506889283657
86.47805542498827	0.15292591601610184
96.5455803796649	10.22045087069273
82.26754523068666	-4.057584278285503
70.41849204152822	-15.906637467443943
88.46481138467789	2.139681875705719
72.18266723304987	-14.142462275922298
78.66578058898449	-7.6593489199876785
88.99297728389502	2.6678477749228477
80.31406353414059	-6.011065974831581
72.23000168055296	-14.095127828419209
69.68585123121738	-16.639278277754784
76.37748992443085	-9.94763958454132
91.86975000053644	5.544620491564274
89.67739294469357	3.3522634357213974
89.35829974710941	3.033170238137245
86.9181388169527	0.5930093079805374
79.97020768374205	-6.354921825230122
98.56373953819275	12.238610029220581
83.00893533229828	-3.316194176673889
86.21312342584133	-0.11200608313083649
88.51771910488605	2.192589595913887
88.75114043056965	2.4260109215974808
65.59906929731369	-20.726060211658478
89.94092746824026	3.615797959268093
75.55132979899645	-10.77379970997572
68.02705240249634	-18.29807710647583
79.33501446247101	-6.99011504650116
95.93123348802328	9.606103979051113
93.94317040592432	7.618040896952152
75.2608719393611	-11.064257569611073
83.6776529327035	-2.647476576268673
95.36710218340158	9.041972674429417
81.55740448832512	-4.767725020647049
84.42118491977453	-1.9039445891976357
83.17439376562834	-3.15073574334383
88.46004536747932	2.1349158585071564
89.88863667100668	3.5635071620345116
85.5674584582448	-0.7576710507273674
91.08362092077732	4.758491411805153
86.69972336292267	0.3745938539505005
93.68420031666756	7.359070807695389
75.1244333833456	-11.200696125626564
79.68662347644567	-6.638506032526493
79.71228501945734	-6.612844489514828
91.00252794474363	4.677398435771465
93.97166037559509	7.646530866622925
89.05283231288195	2.7277028039097786
83.72731750458479	-2.5978120043873787
75.03594056516886	-11.28918894380331
80.83482318371534	-5.4903063252568245
80.47189895063639	-5.853230558335781
75.36919563263655	-10.95593387633562
84.95820321887732	-1.3669262900948524
91.54038164764643	5.215252138674259
85.76237174868584	-0.5627577602863312
83.60865324735641	-2.716476261615753
84.63036195933819	-1.6947675496339798
85.89583330601454	-0.42929620295763016
87.01040598750114	0.6852764785289764
85.86068807542324	-0.4644414335489273
85.81548731029034	-0.5096421986818314
92.6609683483839	6.3358388394117355
80.68829210102558	-5.636837407946587
85.04266954213381	-1.2824599668383598
77.52396655082703	-8.801162958145142
85.82219357043505	-0.5029359385371208
81.58936704695225	-4.73576246201992
85.00107206404209	-1.3240574449300766
85.42822665721178	-0.8969028517603874
100.7748489305377	14.449719421565533
94.88796388357878	8.56283437460661
86.31037842482328	-0.01475108414888382
88.22793594747782	1.9028064385056496
93.03975340723991	6.714623898267746
92.56929695606232	6.244167447090149
85.55347178131342	-0.7716577276587486
69.61957940459251	-16.705550104379654
80.29992448538542	-6.02520502358675
81.20899780839682	-5.116131700575352
91.3021599277854	4.977030418813229
85.35899820923805	-0.9661312997341156
91.09991003572941	4.77478052675724
96.00074678659439	9.675617277622223
79.33999419212341	-6.985135316848755
86.22414576262236	-0.10098374634981155
73.51954957097769	-12.80557993799448
75.96026934683323	-10.364860162138939
67.5806003138423	-18.74452919512987
80.82032908499241	-5.504800423979759
76.82315884530544	-9.501970663666725
89.32821021229029	3.003080703318119
84.67775367945433	-1.6473758295178413
89.99522956460714	3.6701000556349754
75.13301658630371	-11.192112922668457
92.3479537665844	6.022824257612228
91.86992913484573	5.544799625873566
82.78104102611542	-3.5440884828567505
88.68675130605698	2.3616217970848083
104.33279297500849	18.00766346603632
90.4965074211359	4.171377912163734
89.53956590592861	3.214436396956444
80.48149795085192	-5.843631558120251
88.63057564944029	2.3054461404681206
91.055897526443	4.730768017470837
81.0046468898654	-5.32048261910677
89.15684304386377	2.8317135348916054
91.2357888892293	4.91065938025713
72.28620293736458	-14.03892657160759
75.43172496557236	-10.89340454339981
93.61464956402779	7.289520055055618
90.09617295861244	3.771043449640274
86.0669421479106	-0.25818736106157303
73.8973344489932	-12.427795059978962
75.87217689305544	-10.452952615916729
83.78857076913118	-2.5365587398409843
89.92293803393841	3.59780852496624
87.55280332267284	1.227673813700676
87.39993412792683	1.0748046189546585
80.41289608180523	-5.912233427166939
83.35893005132675	-2.9661994576454163
88.27036906778812	1.9452395588159561
81.03196644037962	-5.293163068592548
88.0170661881566	1.6919366791844368
97.36486855149269	11.039739042520523
81.41922847181559	-4.905901037156582
97.9992189630866	11.674089454114437
78.15438485890627	-8.170744650065899
85.46729175746441	-0.8578377515077591
82.21146140247583	-4.113668106496334
95.97652218490839	9.651392675936222
93.87736670672894	7.552237197756767
92.06107658147812	5.735947072505951
90.7120416611433	4.386912152171135
96.10436160117388	9.77923209220171
111.99344176799059	25.66831225901842
84.71108880639076	-1.6140407025814056
93.02658322453499	6.70145371556282
85.4638001024723	-0.8613294064998627
91.22139780968428	4.896268300712109
99.49868285655975	13.173553347587585
90.6018446534872	4.2767151445150375
68.81840755045414	-17.50672195851803
78.12491203844547	-8.200217470526695
98.03367608785629	11.708546578884125
88.96799734979868	2.6428678408265114
82.33298134058714	-3.992148168385029
84.5167855322361	-1.8083439767360687
82.11575696617365	-4.209372542798519
90.58737445622683	4.262244947254658
82.19467809051275	-4.130451418459415
89.49242319911718	3.1672936901450157
79.99470016360283	-6.330429345369339
81.37024093419313	-4.954888574779034
84.0931890308857	-2.2319404780864716
96.81960386782885	10.494474358856678
90.30900701135397	3.9838775023818016
79.78022819012403	-6.544901318848133
86.58023922890425	0.2551097199320793
79.0872298926115	-7.237899616360664
86.1787898465991	-0.14633966237306595
82.02534122020006	-4.299788288772106
88.6301966458559	2.3050671368837357
90.12872062623501	3.8035911172628403
79.09644392132759	-7.228685587644577
85.00533413141966	-1.3197953775525093
73.67948131263256	-12.645648196339607
94.70826885849237	8.383139349520206
110.54233077913523	24.21720127016306
59.548319056630135	-26.776810452342033
82.46032859385014	-3.864800915122032
90.6944334730506	4.369303964078426
94.78509549796581	8.459965988993645
93.31300526857376	6.987875759601593
94.97057571262121	8.645446203649044
86.7393252030015	0.4141956940293312
101.22985585778952	14.904726348817348
71.32542283087969	-14.99970667809248
89.19174314290285	2.866613633930683
85.84502823650837	-0.4801012724637985
78.43111597001553	-7.894013538956642
79.62544693052769	-6.699682578444481
85.04637102782726	-1.278758481144905
109.4954143166542	23.170284807682037
81.96888357400894	-4.356245934963226
87.75459589064121	1.4294663816690445
80.62392035871744	-5.701209150254726
90.55868642032146	4.233556911349297
73.53958429396152	-12.785545215010643
87.61089750379324	1.2857679948210716
85.49647932499647	-0.8286501839756966
98.09875385463238	11.77362434566021
78.19570852071047	-8.1294209882617
80.28838360309601	-6.03674590587616
97.15108194202185	10.825952433049679
62.77022235840559	-23.554907150566578
86.58503481000662	0.25990530103445053
82.02930814027786	-4.295821368694305
85.45984727144241	-0.8652822375297546
93.77409537136555	7.448965862393379
78.60353729128838	-7.721592217683792
88.64337941259146	2.3182499036192894
81.86568673700094	-4.459442771971226
91.35179550945759	5.02666600048542
76.57770100980997	-9.747428499162197
84.18632788956165	-2.138801619410515
90.91117706894875	4.586047559976578
91.06312003731728	4.737990528345108
69.22578475624323	-17.09934475272894
86.03343319892883	-0.29169631004333496
84.2682034894824	-2.056926019489765
81.97654566913843	-4.348583839833736
84.51919759809971	-1.8059319108724594
84.4634285569191	-1.86170095205307
85.34372870624065	-0.981400802731514
85.24281707406044	-1.082312434911728
83.33671890199184	-2.988410606980324
96.25762320309877	9.932493694126606
87.8599448800087	1.5348153710365295
86.44648338854313	0.121353879570961
100.61950071901083	14.294371210038662
82.58692267537117	-3.738206833600998
87.57492607831955	1.2497965693473816
81.25392282754183	-5.07120668143034
87.04351443052292	0.7183849215507507
92.26255930960178	5.937429800629616
83.65198919177055	-2.6731403172016144
87.4941710755229	1.1690415665507317
84.73744332045317	-1.587686188519001
92.60609713196754	6.280967622995377
82.68168545514345	-3.6434440538287163
82.04075146466494	-4.284378044307232
83.20088502764702	-3.1242444813251495
79.27112122625113	-7.054008282721043
95.40085306018591	9.075723551213741
78.23897984623909	-8.086149662733078
104.29875258356333	17.97362307459116
88.24409887939692	1.9189693704247475
69.32574915140867	-16.999380357563496
78.10236230492592	-8.22276720404625
93.47350865602493	7.148379147052765
84.33060896396637	-1.9945205450057983
100.91980907320976	14.594679564237595
81.17897655814886	-5.146152950823307
91.2451758980751	4.920046389102936
98.00729356706142	11.682164058089256
86.74924417585135	0.4241146668791771
80.83095629513264	-5.494173213839531
83.06179132312536	-3.2633381858468056
78.82161099463701	-7.5035185143351555
84.38623820245266	-1.9388913065195084
86.32541166990995	0.0002821609377861023
83.37885963916779	-2.9462698698043823
85.28079581260681	-1.0443336963653564
99.54957147687674	13.224441967904568
92.49498104304075	6.169851534068584
80.06162844598293	-6.263501062989235
94.5284196510911	8.20329014211893
69.87012003362179	-16.45500947535038
82.15315259993076	-4.171976909041405
96.52904195338488	10.203912444412708
84.86022600531578	-1.4649035036563873
86.27306450158358	-0.052065007388591766
90.26885626465082	3.9437267556786537
85.6858277991414	-0.639301709830761
87.00588021427393	0.6807507053017616
94.82019595056772	8.495066441595554
96.63167821615934	10.306548707187176
82.45756711065769	-3.867562398314476
90.08270312100649	3.757573612034321
84.375766672194	-1.949362836778164
84.81880235671997	-1.5063271522521973
83.39586155861616	-2.9292679503560066
79.3032646626234	-7.0218648463487625
73.23569247871637	-13.089437030255795
90.86765113472939	4.542521625757217
82.89336059242487	-3.4317689165472984
89.99917248636484	3.6740429773926735
79.89540326595306	-6.429726243019104
76.86304323375225	-9.462086275219917
82.16886984556913	-4.156259663403034
90.21394434571266	3.8888148367404938
76.2607992887497	-10.064330220222473
94.31355144828558	7.988421939313412
89.50115002691746	3.1760205179452896
79.28843866288662	-7.036690846085548
83.6025580316782	-2.722571477293968
84.74847593903542	-1.5766535699367523
88.51145426183939	2.186324752867222
88.1325408294797	1.8074113205075264
83.61980468779802	-2.7053248211741447
80.52330143004656	-5.80182807892561
82.32204189151525	-4.003087617456913
93.93233463168144	7.607205122709274
76.9598506167531	-9.365278892219067
66.31069100648165	-20.01443850249052
79.1285006776452	-7.1966288313269615
90.97422790527344	4.6490983963012695
85.26088272035122	-1.0642467886209488
84.88393520563841	-1.4411943033337593
82.45769841969013	-3.867431089282036
88.11960584670305	1.7944763377308846
64.46581570804119	-21.859313800930977
87.65232621133327	1.3271967023611069
82.06288021802902	-4.262249290943146
79.97656816989183	-6.348561339080334
85.53912089020014	-0.7860086187720299
92.23258099704981	5.9074514880776405
77.67103474587202	-8.654094763100147
81.05880782008171	-5.266321688890457
93.76968625932932	7.444556750357151
73.15682475268841	-13.16830475628376
83.1731568351388	-3.15197267383337
78.64844327419996	-7.676686234772205
91.92657975107431	5.601450242102146
80.85191882401705	-5.47321068495512
96.15092051774263	9.825791008770466
89.8338774740696	3.5087479650974274
86.26756013184786	-0.05756937712430954
78.69739829748869	-7.6277312114834785
79.85890997946262	-6.466219529509544
99.29319390654564	12.968064397573471
89.71380504220724	3.388675533235073
103.26459676772356	16.939467258751392
79.2236010953784	-7.101528413593769
82.9967473372817	-3.328382171690464
74.95064801722765	-11.374481491744518
71.69751672446728	-14.62761278450489
87.42449506372213	1.0993655547499657
97.29842582345009	10.97329631447792
73.9376523271203	-12.387477181851864
78.71226386725903	-7.612865641713142
85.90891655534506	-0.4162129536271095
92.18344206362963	5.858312554657459
91.93580301105976	5.610673502087593
92.54982241988182	6.224692910909653
84.99429722875357	-1.3308322802186012
87.21846985816956	0.8933403491973877
89.34620524197817	3.0210757330060005
95.30737658590078	8.982247076928616
95.24970504641533	8.924575537443161
99.79360370337963	13.468474194407463
80.09289661794901	-6.232232891023159
96.03466212004423	9.709532611072063
96.99983420968056	10.67470470070839
85.93766429275274	-0.3874652162194252
88.08603972196579	1.7609102129936218
75.29001293331385	-11.035116575658321
88.81086426973343	2.485734760761261
80.08904901146889	-6.236080497503281
94.57854196429253	8.253412455320358
80.82070218026638	-5.504427328705788
80.86512473225594	-5.460004776716232
88.75625724345446	2.4311277344822884
89.6568389609456	3.3317094519734383
90.84165377169847	4.516524262726307
77.70434010773897	-8.620789401233196
95.59162191301584	9.266492404043674
82.20234744250774	-4.122782066464424
81.49275051057339	-4.832378998398781
98.72312655299902	12.397997044026852
95.76757403463125	9.442444525659084
79.26640036702156	-7.058729141950607
83.8795784637332	-2.4455510452389717
80.92073093354702	-5.404398575425148
82.29588935524225	-4.029240153729916
100.35239746421576	14.027267955243587
89.01893621683121	2.6938067078590393
93.70748198032379	7.3823524713516235
79.24455501139164	-7.080574497580528
75.7867203950882	-10.538409113883972
81.52315710484982	-4.801972404122353
84.8493427336216	-1.4757867753505707
95.59545306116343	9.270323552191257
92.82335785031319	6.498228341341019
88.96596590429544	2.6408363953232765
79.75005129724741	-6.575078211724758
90.52595066279173	4.200821153819561
87.73550004512072	1.4103705361485481
90.44828264415264	4.123153135180473
83.43610978126526	-2.889019727706909
86.90770203620195	0.5825725272297859
85.1155012845993	-1.2096282243728638
89.84472227841616	3.519592769443989
94.62059117108583	8.295461662113667
91.29338740557432	4.968257896602154
98.07354889065027	11.748419381678104
92.34777816385031	6.0226486548781395
89.85957514494658	3.534445635974407
90.19973985850811	3.874610349535942
90.47217811644077	4.147048607468605
80.1392071545124	-6.185922354459763
80.87369577586651	-5.4514337331056595
104.92118626832962	18.596056759357452
92.73738507926464	6.412255570292473
81.6446224451065	-4.680507063865662
87.07777711749077	0.7526476085186005
84.44438274204731	-1.880746766924858
80.12811750173569	-6.197012007236481
84.85591641068459	-1.4692130982875824
82.78830259293318	-3.53682691603899
90.02276980131865	3.6976402923464775
76.98834469169378	-9.336784817278385
81.07848960161209	-5.246639907360077
94.77140665054321	8.446277141571045
95.19561100751162	8.870481498539448
92.57633084058762	6.251201331615448
76.13893157243729	-10.186197936534882
96.26632819324732	9.94119868427515
83.6965356245637	-2.628593884408474
99.38976331055164	13.064633801579475
83.5117749646306	-2.813354544341564
91.40479938685894	5.079669877886772
82.5950327962637	-3.730096712708473
86.46283455193043	0.13770504295825958
75.91654726862907	-10.408582240343094
93.4716720059514	7.146542496979237
85.9057153686881	-0.41941414028406143
97.02640492469072	10.701275415718555
87.73647476732731	1.4113452583551407
83.51201538741589	-2.813114121556282
80.14542772620916	-6.179701782763004
101.94814505428076	15.62301554530859
88.99398235976696	2.668852850794792
78.46199820190668	-7.863131307065487
93.4348751977086	7.109745688736439
94.06281092017889	7.737681411206722
91.85880484431982	5.533675335347652
87.39047352224588	1.065344013273716
88.02702885866165	1.7018993496894836
83.05092594027519	-3.2742035686969757
88.64850709587336	2.323377586901188
75.50253242254257	-10.822597086429596
88.39373414218426	2.0686046332120895
80.20836362987757	-6.116765879094601
86.43062025308609	0.10549074411392212
87.89209096878767	1.5669614598155022
81.38552359491587	-4.939605914056301
80.05536567419767	-6.269763834774494
90.41562287509441	4.090493366122246
80.41017783433199	-5.914951674640179
82.75505279004574	-3.5700767189264297
102.46029279381037	16.1351632848382
87.14611607789993	0.8209865689277649
89.86196012794971	3.5368306189775467
87.26814596354961	0.943016454577446
89.33683339506388	3.011703886091709
78.47303327172995	-7.852096237242222
88.49431076645851	2.1691812574863434
86.49460591375828	0.16947640478610992
87.90039645135403	1.5752669423818588
87.60663997381926	1.2815104648470879
74.09650634974241	-12.228623159229755
94.83430933952332	8.509179830551147
87.97696189582348	1.6518323868513107
80.97503216564655	-5.350097343325615
78.07714066654444	-8.24798884242773
81.47996129095554	-4.8451682180166245
78.0440009534359	-8.28112855553627
95.58216892927885	9.257039420306683
87.90809570997953	1.5829662010073662
88.66551304608583	2.3403835371136665
84.89444418996572	-1.430685319006443
86.43668312579393	0.1115536168217659
92.6373286396265	6.312199130654335
84.42757362872362	-1.8975558802485466
86.69773024320602	0.3726007342338562
86.18269267678261	-0.14243683218955994
90.22089695930481	3.8957674503326416
84.2311554402113	-2.093974068760872
91.84822285920382	5.5230933502316475
74.51356557011604	-11.811563938856125
83.678167976439	-2.646961532533169
83.27766919136047	-3.0474603176116943
81.14256712049246	-5.18256238847971
91.27333243191242	4.948202922940254
91.46365850418806	5.138528995215893
97.23544793576002	10.910318426787853
88.35412861406803	2.0289991050958633
81.09886555373669	-5.226263955235481
83.34727531671524	-2.9778541922569275
93.600899964571	7.275770455598831
68.34823180735111	-17.976897701621056
74.98394468426704	-11.341184824705124
90.14430748671293	3.8191779777407646
89.01708579063416	2.6919562816619873
81.78321022540331	-4.541919283568859
87.89275573194027	1.5676262229681015
80.06854331493378	-6.256586194038391
101.73172237724066	15.40659286826849
83.97555876523256	-2.349570743739605
88.41292513906956	2.087795630097389
90.89108019322157	4.565950684249401
100.92627108842134	14.601141579449177
86.36679288744926	0.04166337847709656
98.40390495955944	12.078775450587273
94.418283469975	8.093153961002827
95.20272202044725	8.877592511475086
94.23267501592636	7.907545506954193
83.96658266335726	-2.35854684561491
80.6224384456873	-5.702691063284874
84.35346076637506	-1.9716687425971031
91.56836438924074	5.243234880268574
96.26850315183401	9.943373642861843
96.74053981900215	10.415410310029984
77.4669227451086	-8.858206763863564
87.19446234405041	0.8693328350782394
76.43597747385502	-9.88915203511715
81.18771009892225	-5.137419410049915
93.6774466112256	7.352317102253437
67.14590019732714	-19.17922931164503
93.24296142160892	6.917831912636757
90.71153843402863	4.3864089250564575
74.47250723093748	-11.852622278034687
85.33273265510798	-0.992396853864193
78.89613712579012	-7.428992383182049
92.19505079090595	5.8699212819337845
95.0135895833373	8.688460074365139
91.13759247213602	4.812462963163853
83.50183652341366	-2.82329298555851
73.8470864072442	-12.478043101727962
76.46269598603249	-9.862433522939682
96.55553051829338	10.230401009321213
79.62335819751024	-6.7017713114619255
101.99454531818628	15.669415809214115
93.79957907646894	7.474449567496777
91.92136078327894	5.596231274306774
97.86059020459652	11.535460695624352
85.24407183378935	-1.0810576751828194
88.43508113920689	2.1099516302347183
92.3715058490634	6.0463763400912285
84.56407827138901	-1.7610512375831604
84.7583165243268	-1.5668129846453667
71.56820078194141	-14.756928727030754
86.47915112227201	0.15402161329984665
102.0280651152134	15.702935606241226
91.50145188719034	5.176322378218174
75.50161843001842	-10.823511078953743
76.86022281646729	-9.464906692504883
83.09242055565119	-3.23270895332098
96.46934778988361	10.144218280911446
84.66758795082569	-1.6575415581464767
89.48111014068127	3.155980631709099
88.53903470933437	2.2139052003622055
85.00879061967134	-1.3163388893008232
92.59957246482372	6.274442955851555
86.16031663864851	-0.164812870323658
93.22937398403883	6.904244475066662
79.68970039486885	-6.635429114103317
78.78929843753576	-7.535831071436405
82.35349933058023	-3.9716301783919334
89.82059389352798	3.4954643845558167
75.80377432703972	-10.52135518193245
85.03446647524834	-1.2906630337238312
94.28579287230968	7.960663363337517
80.23763530701399	-6.0874942019581795
81.46118177473545	-4.863947734236717
91.04234512150288	4.717215612530708
84.81553543359041	-1.5095940753817558
85.05622594058514	-1.2689035683870316
82.4568642899394	-3.8682652190327644
94.84296826273203	8.517838753759861
103.68587043881416	17.360740929841995
91.15106014162302	4.825930632650852
82.72353278845549	-3.6015967205166817
89.60787881165743	3.2827493026852608
91.83215670287609	5.507027193903923
96.42579782009125	10.10066831111908
93.51299463957548	7.1878651306033134
91.85095547139645	5.525825962424278
78.34734854102135	-7.977780967950821
84.77692236751318	-1.5482071414589882
83.69031331688166	-2.6348161920905113
77.56763978302479	-8.75748972594738
78.68201196193695	-7.643117547035217
95.593889079988	9.268759571015835
75.46332040429115	-10.861809104681015
90.12158492207527	3.7964554131031036
79.94767215847969	-6.377457350492477
81.11172051727772	-5.21340899169445
81.67419039458036	-4.650939114391804
77.51340696960688	-8.811722539365292
92.36945245414972	6.044322945177555
86.78302276879549	0.4578932598233223
94.72963742911816	8.404507920145988
86.3018294647336	-0.023300044238567352
92.17597854882479	5.850849039852619
91.88378141075373	5.558651901781559
92.4045348316431	6.079405322670937
79.47793318331242	-6.847196325659752
90.88977293670177	4.564643427729607
82.61450787633657	-3.7106216326355934
85.76250460743904	-0.5626249015331268
94.1224075332284	7.797278024256229
92.9092627838254	6.5841332748532295
85.88751422613859	-0.4376152828335762
97.28060477226973	10.955475263297558
85.25239101052284	-1.0727384984493256
90.95572316646576	4.630593657493591
96.39160224050283	10.066472731530666
88.2694688886404	1.9443393796682358
80.68699976801872	-5.638129740953445
82.09476941078901	-4.230360098183155
77.58069844543934	-8.74443106353283
77.28136717528105	-9.04376233369112
82.50114353746176	-3.8239859715104103
80.43761286139488	-5.887516647577286
73.2948221936822	-13.030307315289974
77.32308200746775	-9.002047501504421
73.243677072227	-13.081452436745167
80.57426667958498	-5.750862829387188
90.29163380712271	3.9665042981505394
92.9784038439393	6.653274334967136
86.19694830477238	-0.12818120419979095
77.85356912016869	-8.471560388803482
96.03603184968233	9.710902340710163
75.33139205724001	-10.993737451732159
82.76246439665556	-3.5626651123166084
93.36119915544987	7.036069646477699
79.17109409719706	-7.154035411775112
84.98543002456427	-1.3396994844079018
88.22568288445473	1.9005533754825592
87.95579926669598	1.6306697577238083
85.24285189807415	-1.0822776108980179
75.96784011274576	-10.357289396226406
79.07126492261887	-7.253864586353302
76.8124362975359	-9.512693211436272
71.06645179539919	-15.258677713572979
87.47882705181837	1.1536975428462029
66.20008987188339	-20.125039637088776
92.71846651285887	6.3933370038867
77.49694678932428	-8.828182719647884
102.307711571455	15.982582062482834
98.09289899468422	11.767769485712051
91.38007550686598	5.05494599789381
84.00423021614552	-2.3208992928266525
83.71353410184383	-2.611595407128334
90.2244860380888	3.8993565291166306
98.64076057076454	12.315631061792374
99.22475089877844	12.89962138980627
89.78444644063711	3.4593169316649437
98.0631202608347	11.737990751862526
85.70630177855492	-0.6188277304172516
83.04439190030098	-3.2807376086711884
87.96966380625963	1.6445342972874641
72.95677744597197	-13.368352063000202
84.29061986505985	-2.0345096439123154
95.56638217717409	9.241252668201923
77.15560209006071	-9.169527418911457
81.28858156502247	-5.036547943949699
89.6038164049387	3.27868689596653
74.39729622006416	-11.927833288908005
101.39995413273573	15.074824623763561
81.50093360990286	-4.824195899069309
84.44320465624332	-1.8819248527288437
90.13128259778023	3.8061530888080597
77.31264951080084	-9.01247999817133
85.89733009785414	-0.42779941111803055
91.70702392607927	5.381894417107105
90.82179173082113	4.496662221848965
89.19169668108225	2.8665671721100807
84.46538959443569	-1.8597399145364761
88.8070564866066	2.48192697763443
91.58303220570087	5.257902696728706
81.08356381207705	-5.2415656968951225
93.53319577872753	7.2080662697553635
84.55142268538475	-1.7737068235874176
78.67669074237347	-7.6484387665987015
88.03736089915037	1.7122313901782036
96.79561618715525	10.470486678183079
96.30388474464417	9.978755235671997
81.01337850093842	-5.311751008033752
84.17644710093737	-2.1486824080348015
89.99359496682882	3.668465457856655
89.53856790065765	3.213438391685486
84.94264145940542	-1.3824880495667458
88.9963838905096	2.6712543815374374
85.77262906730175	-0.5525004416704178
79.68777384608984	-6.637355662882328
94.71656330674887	8.391433797776699
96.74999803304672	10.424868524074554
77.38732671737671	-8.937802791595459
77.93908233940601	-8.386047169566154
71.37430951744318	-14.950819991528988
87.20587698370218	0.8807474747300148
98.14250444620848	11.817374937236309
89.47681827843189	3.1516887694597244
81.56315229088068	-4.761977218091488
88.92845443636179	2.6033249273896217
90.61468753218651	4.28955802321434
85.09019435197115	-1.2349351570010185
102.70643524825573	16.38130573928356
78.35524704307318	-7.969882465898991
90.45329605042934	4.128166541457176
86.6787242218852	0.35359471291303635
88.41521470248699	2.090085193514824
94.84404579550028	8.51891628652811
90.87156126648188	4.546431757509708
98.1999282464385	11.874798737466335
81.4297960549593	-4.895333454012871
89.59046213328838	3.2653326243162155
82.38825377076864	-3.9368757382035255
92.73909395188093	6.413964442908764
87.1233286857605	0.7981991767883301
106.08899592608213	19.763866417109966
69.56900028139353	-16.75612922757864
75.76141242682934	-10.56371708214283
83.55458189547062	-2.7705476135015488
79.59947210550308	-6.725657403469086
75.38746859133244	-10.937660917639732
81.90138950198889	-4.42374000698328
92.98172790557146	6.656598396599293
78.49092940986156	-7.834200099110603
85.18175739049911	-1.143372118473053
88.92840200662613	2.603272497653961
92.8938817679882	6.568752259016037
90.64688955247402	4.321760043501854
88.94367881119251	2.6185493022203445
80.8724679723382	-5.452661536633968
94.69616746902466	8.37103796005249
75.43618816137314	-10.88894134759903
82.20914351195097	-4.115985997021198
84.89884673804045	-1.4262827709317207
81.82919036597013	-4.495939143002033
87.23389603942633	0.9087665304541588
84.26343031972647	-2.061699189245701
89.49033090472221	3.1652013957500458
86.58399463444948	0.258865125477314
80.16779793798923	-6.157331570982933
90.1620258167386	3.8368963077664375
83.95700697600842	-2.3681225329637527
73.44637034833431	-12.878759160637856
93.1277646124363	6.802635103464127
79.43302178382874	-6.892107725143433
82.61999712884426	-3.705132380127907
96.83700985461473	10.511880345642567
81.27853874117136	-5.046590767800808
83.5173874720931	-2.8077420368790627
87.34091754257679	1.0157880336046219
80.0479588881135	-6.277170620858669
92.13922426104546	5.814094752073288
107.43739593029022	21.112266421318054
98.99461982399225	12.669490315020084
89.11937113106251	2.7942416220903397
87.89243618398905	1.56730667501688
86.64336530864239	0.3182357996702194
82.73509477823973	-3.590034730732441
83.67150139808655	-2.65362811088562
102.77374948561192	16.448619976639748
94.73072691261768	8.405597403645515
90.94244819134474	4.61731868237257
80.85392395406961	-5.471205554902554
83.80062907934189	-2.5245004296302795
86.39107941836119	0.06594990938901901
79.07140625268221	-7.253723256289959
79.58567904680967	-6.739450462162495
74.3954571634531	-11.929672345519066
80.46303677558899	-5.862092733383179
84.6120620816946	-1.713067427277565
88.2335013076663	1.9083717986941338
96.5010754019022	10.17594589293003
80.29704855382442	-6.028080955147743
79.97040314227343	-6.354726366698742
86.95144458115101	0.6263150721788406
88.82837937027216	2.5032498612999916
84.03817338496447	-2.286956124007702
80.30666971951723	-6.018459789454937
81.59738459438086	-4.727744914591312
91.31548547744751	4.990355968475342
104.28534501045942	17.960215501487255
98.90397780388594	12.578848294913769
86.13607130944729	-0.18905819952487946
82.52198205888271	-3.8031474500894547
89.06348621100187	2.738356702029705
99.24714636802673	12.922016859054565
83.5212280601263	-2.8039014488458633
91.30604843050241	4.980918921530247
87.25081588327885	0.9256863743066788
93.78663468360901	7.461505174636841
86.06004761904478	-0.26508188992738724
99.82375677675009	13.49862726777792
84.82458743453026	-1.5005420744419098
102.23469612747431	15.90956661850214
86.24915403872728	-0.07597547024488449
81.67983435839415	-4.645295150578022
72.19790253043175	-14.12722697854042
82.31064254790545	-4.014486961066723
87.54143837094307	1.2163088619709015
90.73873238265514	4.413602873682976
79.5137487500906	-6.811380758881569
68.34037431329489	-17.98475519567728
96.78224534541368	10.457115836441517
76.8499319627881	-9.475197546184063
89.8868043795228	3.5616748705506325
75.72091441601515	-10.60421509295702
83.4072237610817	-2.9179057478904724
84.8363067433238	-1.488822765648365
97.60622741281986	11.281097903847694
96.11094358563423	9.785814076662064
97.9898346811533	11.66470517218113
82.11709404736757	-4.208035461604595
83.81560877710581	-2.5095207318663597
74.51876380294561	-11.806365706026554
97.48150064051151	11.156371131539345
92.53698746114969	6.211857952177525
83.77407233417034	-2.5510571748018265
89.52922248840332	3.2040929794311523
80.23066008090973	-6.094469428062439
87.24322095513344	0.9180914461612701
86.14333094656467	-0.1817985624074936
78.63494637608528	-7.690183132886887
81.79621507972479	-4.528914429247379
72.88732116669416	-13.437808342278004
91.81444454938173	5.489315040409565
96.52511370927095	10.199984200298786
91.89184559881687	5.566716089844704
84.30973549932241	-2.0153940096497536
88.80426270514727	2.4791331961750984
81.01779090613127	-5.3073386028409
70.3694260045886	-15.955703504383564
89.51980151236057	3.194672003388405
95.06164536625147	8.7365158572793
85.52938306331635	-0.7957464456558228
77.12084466964006	-9.204284839332104
97.57218097150326	11.24705146253109
87.15610234439373	0.8309728354215622
97.42777113616467	11.102641627192497
76.25914547592402	-10.065984033048153
105.9538588449359	19.628729335963726
81.81872244924307	-4.506407059729099
82.87317211925983	-3.4519573897123337
92.41954436153173	6.0944148525595665
88.83645906299353	2.5113295540213585
92.5805831104517	6.25545360147953
78.40506452322006	-7.920064985752106
88.89210816472769	2.56697865575552
83.47600248456001	-2.849127024412155
87.61528414487839	1.2901546359062195
65.00301951915026	-21.32210998982191
71.2616343125701	-15.063495196402073
82.81973452866077	-3.5053949803113937
80.99629226326942	-5.3288372457027435
76.81969540566206	-9.505434103310108
78.75289808213711	-7.57223142683506
94.45384415984154	8.12871465086937
91.44026762992144	5.115138120949268
77.90994622558355	-8.415183283388615
83.05668388307095	-3.2684456259012222
96.52649886161089	10.201369352638721
96.28146979957819	9.956340290606022
79.47046116739511	-6.854668341577053
86.42597497999668	0.10084547102451324
89.01374603807926	2.688616529107094
91.869943164289	5.54481365531683
95.76744214445353	9.442312635481358
79.20544373989105	-7.119685769081116
82.63458099216223	-3.6905485168099403
79.70202705264091	-6.623102456331253
82.6750231012702	-3.650106407701969
73.3332939222455	-12.991835586726665
88.58085965365171	2.2557301446795464
100.8852854296565	14.560155920684338
95.51988053321838	9.194751024246216
85.54487212747335	-0.7802573814988136
90.50587359070778	4.180744081735611
86.104432977736	-0.22069653123617172
86.98212947696447	0.6569999679923058
92.80105859041214	6.475929081439972
85.84149524569511	-0.48363426327705383
82.28846560418606	-4.03666390478611
94.21195389330387	7.886824384331703
74.6050922498107	-11.720037259161472
91.64658994972706	5.32146044075489
93.7569304779172	7.431800968945026
94.61471321433783	8.289583705365658
75.93337668478489	-10.391752824187279
91.54288704693317	5.217757537961006
75.76284892112017	-10.562280587852001
89.91125877946615	3.5861292704939842
88.60077381134033	2.275644302368164
84.03731106221676	-2.2878184467554092
87.56496606767178	1.2398365586996078
69.82382886111736	-16.501300647854805
81.9523032605648	-4.372826248407364
73.78075091540813	-12.544378593564034
81.74509611725807	-4.580033391714096
101.52913382649422	15.204004317522049
77.70215623825788	-8.622973270714283
83.51137128472328	-2.813758224248886
100.61659436672926	14.291464857757092
84.106654971838	-2.2184745371341705
88.95317877084017	2.628049261868
81.69125416874886	-4.633875340223312
86.17071138322353	-0.15441812574863434
92.1670583859086	5.841928876936436
79.22115459293127	-7.103974916040897
86.90837547183037	0.5832459628582001
90.19937129318714	3.8742417842149734
82.51506717503071	-3.8100623339414597
96.39663381874561	10.071504309773445
81.88361033052206	-4.441519178450108
87.73418812453747	1.4090586155653
102.39531306177378	16.07018355280161
95.2476769015193	8.92254739254713
85.39927892386913	-0.925850585103035
79.42513579875231	-6.89999371021986
87.58091063797474	1.255781129002571
98.47235386818647	12.147224359214306
85.35016015917063	-0.9749693498015404
87.42014928907156	1.095019780099392
85.2315830513835	-1.0935464575886726
88.42515357583761	2.100024066865444
94.63787423074245	8.312744721770287
85.0717605650425	-1.2533689439296722
83.89265295863152	-2.4324765503406525
80.93366595357656	-5.391463555395603
84.15748576819897	-2.167643740773201
94.25576031208038	7.930630803108215
91.93792936205864	5.612799853086472
79.89249100536108	-6.432638503611088
91.3716993033886	5.046569794416428
84.46106623858213	-1.8640632703900337
89.07685923576355	2.751729726791382
98.86620569974184	12.541076190769672
91.93234836310148	5.607218854129314
88.78219340741634	2.4570638984441757
97.46082709729671	11.135697588324547
98.81129107624292	12.486161567270756
92.6727314889431	6.347601979970932
91.59220569580793	5.267076186835766
89.09657832235098	2.771448813378811
81.46391160041094	-4.86121790856123
95.83966233581305	9.514532826840878
73.7973861694336	-12.527743339538574
87.18078003078699	0.8556505218148232
76.66672994196415	-9.658399567008018
83.91300987452269	-2.412119634449482
96.0076208487153	9.682491339743137
85.49390712380409	-0.8312223851680756
82.46650201827288	-3.8586274906992912
79.76128996908665	-6.563839539885521
82.62111233919859	-3.7040171697735786
81.34331239014864	-4.981817118823528
97.73137931525707	11.406249806284904
92.69329874962568	6.368169240653515
83.64928057044744	-2.675848938524723
84.9151562154293	-1.409973293542862
78.59644155949354	-7.728687949478626
86.84555378556252	0.5204242765903473
85.19433947652578	-1.1307900324463844
104.55459970980883	18.22947020083666
74.13287556171417	-12.192253947257996
95.88561693578959	9.560487426817417
92.76583425700665	6.440704748034477
81.76795786619186	-4.557171642780304
80.17329408228397	-6.151835426688194
99.8660351485014	13.540905639529228
89.07372629642487	2.7485967874526978
87.50757040828466	1.1824408993124962
77.75351157784462	-8.571617931127548
75.72620801627636	-10.598921492695808
86.3780838996172	0.05295439064502716
89.82342626154423	3.4982967525720596
87.85406433790922	1.5289348289370537
91.75283163785934	5.4277021288871765
90.3592871055007	4.03415759652853
94.77296587824821	8.447836369276047
81.90272425860167	-4.4224052503705025
91.69861966371536	5.373490154743195
89.03339146822691	2.7082619592547417
