Ea=94.26584500074387	delta_Ea
96.33468785136938	2.068842850625515
100.25694257766008	5.991097576916218
99.26124938577414	4.99540438503027
100.78862297534943	6.52277797460556
85.1118718907237	-9.15397311002016
93.91767597943544	-0.3481690213084221
80.73979549109936	-13.526049509644508
86.82405301183462	-7.4417919889092445
88.85888140648603	-5.406963594257832
81.09290141612291	-13.172943584620953
99.34289701282978	5.077052012085915
97.20596922934055	2.9401242285966873
81.16524702310562	-13.100597977638245
96.89824874699116	2.6324037462472916
92.92685152590275	-1.3389934748411179
97.7562967389822	3.4904517382383347
86.67356537282467	-7.592279627919197
96.7630992308259	2.497254230082035
82.37212644517422	-11.893718555569649
79.81544134020805	-14.450403660535812
98.13911111652851	3.873266115784645
93.0494045689702	-1.2164404317736626
91.37491995096207	-2.8909250497817993
83.75249863415956	-10.513346366584301
101.31183964014053	7.0459946393966675
93.13283400982618	-1.1330109909176826
108.48145246505737	14.215607464313507
94.38470462709665	0.11885962635278702
94.91496552526951	0.6491205245256424
100.0551963225007	5.78935132175684
100.83011914044619	6.56427413970232
97.33552724868059	3.0696822479367256
94.63572995364666	0.3698849529027939
95.23019278049469	0.964347779750824
89.10779792070389	-5.158047080039978
87.6820866316557	-6.583758369088173
86.81318048387766	-7.452664516866207
100.85658337920904	6.590738378465176
86.80946463346481	-7.456380367279053
82.31899851560593	-11.94684648513794
106.71482077240944	12.448975771665573
92.75489521026611	-1.5109497904777527
88.45160403847694	-5.814240962266922
98.75198016315699	4.48613516241312
96.02669470012188	1.7608496993780136
84.60136078298092	-9.664484217762947
95.11084155738354	0.8449965566396713
101.51311349868774	7.247268497943878
88.29821825772524	-5.967626743018627
101.44770461320877	7.181859612464905
103.86251080036163	9.596665799617767
88.97167733311653	-5.294167667627335
94.33363204449415	0.0677870437502861
91.06442456692457	-3.201420433819294
99.28633818030357	5.020493179559708
97.42809222638607	3.1622472256422043
97.57750901579857	3.3116640150547028
107.90337653458118	13.637531533837318
101.6401175558567	7.374272555112839
97.3966303691268	3.1307853683829308
113.60565996915102	19.339814968407154
96.04615726321936	1.7803122624754906
83.49114471673965	-10.774700284004211
89.2696720585227	-4.996172942221165
90.15157463401556	-4.114270366728306
90.79340060055256	-3.472444400191307
78.7162124812603	-15.549632519483566
90.4048340395093	-3.8610109612345695
87.86894220858812	-6.396902792155743
86.26883655786514	-7.997008442878723
98.23956273496151	3.9737177342176437
100.37320329248905	6.107358291745186
98.88156085461378	4.615715853869915
94.65786250680685	0.39201750606298447
83.45009592920542	-10.815749071538448
94.67414661496878	0.40830161422491074
91.48169443011284	-2.784150570631027
97.015082962811	2.7492379620671272
89.34388117492199	-4.9219638258218765
102.84487510472536	8.579030103981495
90.6608947366476	-3.60495026409626
91.69873756915331	-2.567107431590557
88.34895438700914	-5.916890613734722
101.04727484285831	6.7814298421144485
100.78583949059248	6.519994489848614
89.95921286940575	-4.3066321313381195
106.25311178714037	11.987266786396503
101.86519055813551	7.5993455573916435
91.19734414666891	-3.068500854074955
88.34704706072807	-5.918797940015793
92.48604375123978	-1.7798012495040894
109.20626631379128	14.940421313047409
82.8153149113059	-11.450530089437962
93.04012478142977	-1.2257202193140984
101.85074570029974	7.584900699555874
88.21707008033991	-6.048774920403957
98.75224030017853	4.486395299434662
103.04615930467844	8.780314303934574
101.11548774689436	6.849642746150494
93.0972841233015	-1.16856087744236
94.56738119572401	0.3015361949801445
94.19406136125326	-0.0717836394906044
97.35678379237652	3.0909387916326523
88.21152056753635	-6.054324433207512
104.87416646629572	10.608321465551853
85.67665188759565	-8.589193113148212
90.43245115876198	-3.833393841981888
96.80796694010496	2.5421219393610954
81.81762839853764	-12.44821660220623
96.24331757426262	1.977472573518753
85.05224075168371	-9.213604249060154
104.7323806360364	10.46653563529253
92.35652166604996	-1.9093233346939087
99.23095166683197	4.965106666088104
97.17316599935293	2.907320998609066
94.871806435287	0.6059614345431328
88.34140186756849	-5.924443133175373
88.66865316033363	-5.5971918404102325
94.34053927659988	0.07469427585601807
93.82918773591518	-0.43665726482868195
92.77867469936609	-1.4871703013777733
94.31086955219507	0.04502455145120621
93.10498840361834	-1.1608565971255302
102.77721138298512	8.511366382241249
81.79760050028563	-12.46824450045824
87.40251637250185	-6.863328628242016
92.80847714841366	-1.4573678523302078
89.85435987263918	-4.411485128104687
101.06679479032755	6.800949789583683
103.59192999452353	9.32608499377966
95.01507899910212	0.7492339983582497
105.33700363337994	11.07115863263607
85.25387746095657	-9.011967539787292
83.68257746100426	-10.583267539739609
107.63678063452244	13.370935633778572
86.89530991017818	-7.3705350905656815
73.52262812107801	-20.74321687966585
88.7720303311944	-5.493814669549465
87.58114152401686	-6.684703476727009
85.82665560394526	-8.43918939679861
91.25580050051212	-3.010044500231743
90.52088303864002	-3.7449619621038437
88.3179021179676	-5.94794288277626
88.61991705745459	-5.64592794328928
92.30677025020123	-1.9590747505426407
87.5889480561018	-6.676896944642067
91.4144156575203	-2.8514293432235718
104.66316825151443	10.397323250770569
82.82132652401924	-11.444518476724625
96.16459689289331	1.8987518921494484
87.86354004591703	-6.402304954826832
99.73760452866554	5.471759527921677
91.76188268512487	-2.503962315618992
92.25132659822702	-2.014518402516842
76.32125093787909	-17.94459406286478
85.98137950152159	-8.284465499222279
84.05632060021162	-10.209524400532246
76.845763489604	-17.42008151113987
87.2487980723381	-7.017046928405762
100.59100065380335	6.325155653059483
87.01665136963129	-7.2491936311125755
88.14848844707012	-6.117356553673744
97.40548847615719	3.1396434754133224
92.24363737553358	-2.022207625210285
102.43918259441853	8.17333759367466
86.50482631474733	-7.761018685996532
87.46560444682837	-6.800240553915501
92.97950927168131	-1.2863357290625572
88.82883189618587	-5.437013104557991
97.73226130008698	3.466416299343109
101.43315654247999	7.167311541736126
102.51541168987751	8.249566689133644
88.2145913168788	-6.05125368386507
89.64022024720907	-4.625624753534794
109.81741109490395	15.55156609416008
95.60835738480091	1.342512384057045
89.03681097179651	-5.229034028947353
100.68959292769432	6.423747926950455
105.82221908867359	11.556374087929726
97.94551970809698	3.679674707353115
96.1634481549263	1.897603154182434
96.81575315445662	2.5499081537127495
99.90147518366575	5.6356301829218864
100.51777190715075	6.251926906406879
88.02775882184505	-6.238086178898811
100.76076874136925	6.4949237406253815
89.05485554039478	-5.210989460349083
90.02641848474741	-4.239426515996456
96.41434440761805	2.14849940687418
80.18343593925238	-14.08240906149149
103.01708702743053	8.751242026686668
68.32181408256292	-25.944030918180943
91.95942634344101	-2.3064186573028564
97.91813353449106	3.652288533747196
85.99930091947317	-8.266544081270695
77.05815213918686	-17.207692861557007
101.32255577296019	7.05671077221632
94.96011474728584	0.6942697465419769
102.57847268134356	8.31262768059969
94.4003479257226	0.13450292497873306
95.87176105380058	1.605916053056717
92.13100428134203	-2.1348407194018364
97.6357851177454	3.3699401170015335
101.20865764468908	6.942812643945217
94.69444189965725	0.4285968989133835
92.58013354986906	-1.6857114508748055
108.91862856596708	14.652783565223217
96.15311132371426	1.8872663229703903
90.07127770781517	-4.194567292928696
93.08295319229364	-1.182891808450222
85.8257249519229	-8.440120048820972
95.1201684474945	0.8543234467506409
92.61679377406836	-1.6490512266755104
97.62766153365374	3.36181653290987
93.75984298437834	-0.5060020163655281
103.98665479570627	9.720809794962406
96.02417442947626	1.7583294287323952
100.8703176304698	6.604472629725933
90.8273361325264	-3.4385088682174683
90.85701910406351	-3.408825896680355
92.52207051962614	-1.7437744811177254
96.96084137260914	2.6949963718652725
85.75004697591066	-8.515798024833202
100.4954561367631	6.22961113601923
81.59023876488209	-12.675606235861778
93.91388861089945	-0.35195638984441757
91.99387080222368	-2.2719741985201836
100.34028528630733	6.074440285563469
81.95356523245573	-12.312279768288136
101.39959005266428	7.133745051920414
99.43385466188192	5.168009661138058
100.37693122774363	6.11108622699976
88.80173520743847	-5.464109793305397
90.59821006655693	-3.6676349341869354
105.37347757071257	11.1076325699687
97.27656718343496	3.0107221826910973
95.37872704863548	1.1128820478916168
98.23366189002991	3.9678168892860413
88.3631774187088	-5.902667582035065
96.00932156294584	1.7434765622019768
90.19247237592936	-4.07337262481451
83.1886048540473	-11.077240146696568
90.30119993537664	-3.964645065367222
89.32645535469055	-4.939389646053314
97.08966342359781	2.8238184228539467
81.44607703387737	-12.819767966866493
105.73273040354252	11.466885402798653
110.50062288343906	16.234777882695198
80.58068470656872	-13.685160294175148
98.61494329571724	4.349098294973373
87.2955385223031	-6.970306478440762
87.53917250782251	-6.726672492921352
93.9211053326726	-0.34473966807127
99.13214845955372	4.866303458809853
95.73327168822289	1.4674266874790192
93.91153310984373	-0.35431189090013504
90.99264527857304	-3.2731997221708298
109.36009454727173	15.094249546527863
96.91418574005365	2.6483407393097878
99.73385839164257	5.4680133908987045
110.1856449097395	15.919799908995628
90.87965922802687	-3.386185772716999
93.82445777952671	-0.44138722121715546
100.82612299919128	6.560277998447418
92.101402297616	-2.164442703127861
90.01464147120714	-4.251203529536724
102.47470153868198	8.208856537938118
95.86908511817455	1.603240117430687
91.04618544876575	-3.2196595519781113
101.4176010787487	7.151756078004837
88.42207361757755	-5.843771383166313
89.53482923656702	-4.7310157641768456
99.67318473011255	5.407339729368687
86.73776245862246	-7.52808254212141
95.29379963874817	1.027954638004303
81.29671006649733	-12.96913493424654
90.40325018763542	-3.862594813108444
93.9635894075036	-0.3022555932402611
91.96554768830538	-2.300297312438488
96.13097707927227	1.8651320785284042
89.18284099549055	-5.083004005253315
88.3421691507101	-5.92367585003376
85.69396424293518	-8.571880757808685
97.06126568466425	2.7954206839203835
82.69363684952259	-11.572208151221275
98.47190943360329	4.206064432859421
104.60212100297213	10.33627600222826
110.54703060537577	16.2811856046319
84.62425637990236	-9.641588620841503
99.06069529056549	4.794850289821625
80.87850864976645	-13.38733635097742
101.07806913554668	6.812224134802818
95.31608186662197	1.0502368658781052
94.48318050801754	0.217335507273674
90.49657695740461	-3.7692680433392525
93.94114296883345	-0.32470203191041946
92.10472100973129	-2.1611239910125732
106.93815015256405	12.672305151820183
99.2788082882762	5.01296328753233
85.05570024996996	-9.210144750773907
91.53973299264908	-2.7261120080947876
91.36034145951271	-2.9055035412311554
85.85891762375832	-8.40692737698555
107.00547485798597	12.739629857242107
97.41832713782787	3.1524821370840073
93.39656485617161	-0.869280144572258
92.86202470213175	-1.4038202986121178
101.6460623294115	7.380217328667641
80.5380183160305	-13.727826684713364
95.79862458258867	1.5327795818448067
88.58873853087425	-5.677106469869614
88.4822126030922	-5.783632397651672
98.70407242327929	4.4382274225354195
96.2250074967742	1.9591624960303307
91.12633667886257	-3.1395083218812943
98.16955618560314	3.903711184859276
97.83308634907007	3.567241348326206
99.20066673308611	4.934821732342243
94.17355138808489	-0.09229361265897751
101.69937337189913	7.433528371155262
101.12369950860739	6.857854507863522
96.80043054372072	2.5345855429768562
97.0764827132225	2.8106377124786377
104.22169294953346	9.955847948789597
85.8562998175621	-8.409545183181763
88.42589261382818	-5.839952386915684
93.27687082439661	-0.9889741763472557
85.81287775188684	-8.452967248857021
84.49591378122568	-9.769931219518185
92.05002781748772	-2.2158171832561493
81.81918695569038	-12.446658045053482
93.52154260128736	-0.744302399456501
84.2363490536809	-10.02949594706297
92.63613242655993	-1.6297125741839409
85.61937103420496	-8.646473966538906
93.64235673844814	-0.623488262295723
88.62285086512566	-5.64299413561821
92.52313565462828	-1.7427093461155891
96.52611956745386	2.2602745667099953
91.90272610634565	-2.3631188943982124
89.76590306311846	-4.499941937625408
94.47155492007732	0.20570991933345795
90.79807843267918	-3.4677665680646896
99.02741035819054	4.7615653574466705
89.50643145292997	-4.759413547813892
85.35139537602663	-8.914449624717236
93.74960750341415	-0.5162374973297119
91.75461533665657	-2.5112296640872955
87.20827451348305	-7.0575704872608185
96.37806154042482	2.112216539680958
100.17782796919346	5.911982968449593
98.71728726476431	4.451442264020443
89.71203560382128	-4.553809396922588
102.04596085846424	7.780115857720375
91.94042653590441	-2.3254184648394585
79.8154652044177	-14.45037979632616
95.4814919680357	1.215646967291832
86.4860514625907	-7.7797935381531715
100.09020794928074	5.824362948536873
92.19420152902603	-2.0716434717178345
82.5656036362052	-11.70024136453867
96.10450002551079	1.838655024766922
96.03925812244415	1.7734131217002869
96.71606008708477	2.4502150863409042
91.40372414141893	-2.862120859324932
91.40644165873528	-2.8594033420085907
93.81125213950872	-0.45459286123514175
98.65568845719099	4.3898434564471245
98.90876316279173	4.642918162047863
86.88410995155573	-7.381735049188137
92.81920953840017	-1.4466354623436928
91.07938770204782	-3.186457298696041
100.97984241694212	6.713997416198254
103.24841433018446	8.982569329440594
94.75608430057764	0.49023929983377457
88.57517947256565	-5.690665528178215
102.32302328944206	8.057178288698196
102.2814684510231	8.015623450279236
89.97327559441328	-4.2925694063305855
76.8773216381669	-17.38852336257696
78.78618150949478	-15.479663491249084
90.84741328656673	-3.4184317141771317
95.1033453643322	0.8375003635883331
97.81694051623344	3.5510955154895782
83.85995689034462	-10.405888110399246
97.87658329308033	3.610738292336464
97.97081387788057	3.7049688771367073
81.57683434337378	-12.68901065737009
91.84563893824816	-2.4202060624957085
92.94297953695059	-1.3228654637932777
90.342887789011	-3.9229572117328644
97.43958768248558	3.1737426817417145
95.42972259223461	1.1638775914907455
97.02413833886385	2.7582933381199837
82.11609191447496	-12.149753086268902
95.07476375252008	0.8089187517762184
100.32272812724113	6.056883126497269
94.00971753895283	-0.2561274617910385
91.17286376655102	-3.092981234192848
88.32573931664228	-5.940105684101582
108.49422954022884	14.228384539484978
93.98773180693388	-0.2781131938099861
96.33077094703913	2.0649259462952614
105.96678610146046	11.70094110071659
88.74138854444027	-5.5244564563035965
84.83023076504469	-9.435614235699177
92.88618829101324	-1.3796567097306252
106.52385352551937	12.258008524775505
96.96216580271721	2.696320801973343
84.49741574376822	-9.76842925697565
103.29357542097569	9.02773042023182
87.47281137108803	-6.793033629655838
88.94765242189169	-5.318192578852177
86.28515670448542	-7.9806882962584496
82.83338330686092	-11.432461693882942
85.45291639119387	-8.81292860955
93.33666969835758	-0.9291753023862839
77.93910238146782	-16.326742619276047
111.55315665155649	17.287311650812626
99.16478015482426	4.898935154080391
84.66830322146416	-9.597541779279709
116.71687859296799	22.45103359222412
87.12555922567844	-7.140285775065422
78.93283508718014	-15.333009913563728
86.34176011383533	-7.924084886908531
91.66980562359095	-2.5960393771529198
96.26902151852846	2.0031765177845955
81.3831158876419	-12.88272911310196
77.98308899253607	-16.282756008207798
90.20536044985056	-4.060484550893307
94.93929636478424	0.6734513640403748
88.2769208997488	-5.988924100995064
90.3813434317708	-3.8845015689730644
102.5775535106659	8.311708509922028
83.69480469822884	-10.57104030251503
101.52079053968191	7.2549455389380455
75.25294271111488	-19.012902289628983
91.62473568320274	-2.6411093175411224
100.29810813069344	6.03226312994957
85.82619484513998	-8.439650155603886
90.20646538585424	-4.059379614889622
94.23118208348751	-0.034662917256355286
85.40546554327011	-8.860379457473755
83.48118223249912	-10.784662768244743
84.38768783211708	-9.878157168626785
98.9304665401578	4.664621539413929
100.6153481528163	6.34950315207243
99.53026270866394	5.2644177079200745
98.62153630703688	4.355691306293011
88.78221742063761	-5.483627580106258
90.56965740025043	-3.696187600493431
114.19018198549747	19.92433698475361
100.87031719833612	6.6044721975922585
78.72441870719194	-15.541426293551922
94.08407231420279	-0.18177268654108047
103.25497567653656	8.989130675792694
92.41109563410282	-1.8547493666410446
96.77701398730278	2.511168986558914
99.55390916764736	5.288064166903496
93.63145869225264	-0.63438630849123
100.3849439099431	6.119098909199238
95.13119815289974	0.8653531521558762
93.78898643702269	-0.47685856372117996
100.4856726154685	6.219827614724636
90.7576966136694	-3.5081483870744705
95.57200413942337	1.3061591386795044
95.90208011120558	1.6362351104617119
92.9640980809927	-1.3017469197511673
110.2460041642189	15.980159163475037
99.23851600289345	4.972671002149582
92.7810532823205	-1.4847917184233665
87.38123097270727	-6.884614028036594
91.788888938725	-2.4769560620188713
83.00971587002277	-11.256129130721092
86.97485916316509	-7.2909858375787735
96.92353168129921	2.6576866805553436
90.7805624306202	-3.4852825701236725
97.16056901216507	2.8947240114212036
85.55925755947828	-8.706587441265583
93.6545254662633	-0.6113195344805717
106.19216606765985	11.926321066915989
83.94183181971312	-10.32401318103075
95.46043394505978	1.1945889443159103
85.9661315754056	-8.299713425338268
96.03408328443766	1.7682382836937904
86.64231115579605	-7.623533844947815
98.84876280277967	4.582917802035809
94.79468449950218	0.528839498758316
87.35554797947407	-6.910297021269798
92.6788682937622	-1.586976706981659
94.51385950297117	0.24801450222730637
86.79326647520065	-7.472578525543213
93.2959753125906	-0.9698696881532669
97.73378274589777	3.467937745153904
87.0642833635211	-7.201561637222767
79.45558425784111	-14.810260742902756
96.33637924492359	2.0705342441797256
97.04874996095896	2.7829049602150917
99.21188011020422	4.946035109460354
113.40991830825806	19.14407330751419
96.82952313870192	2.5636781379580498
92.99577980488539	-1.2700651958584785
91.05617050081491	-3.2096744999289513
104.95620284229517	10.690357841551304
94.42128826677799	0.15544326603412628
90.69947558641434	-3.566369414329529
92.31086710840464	-1.9549778923392296
97.73683914542198	3.470994144678116
93.49843261390924	-0.7674123868346214
86.02337037026882	-8.242474630475044
81.5944545418024	-12.67139045894146
105.51069493591785	11.244849935173988
94.60298131406307	0.33713631331920624
102.27541051059961	8.009565509855747
101.9144888818264	7.648643881082535
104.89233656972647	10.626491568982601
87.7161453962326	-6.549699604511261
94.60315234214067	0.3373073413968086
84.91259737312794	-9.353247627615929
94.16703417152166	-0.0988108292222023
95.39973447471857	1.1338894739747047
95.6786409765482	1.412795975804329
86.87602696567774	-7.389818035066128
91.99173086881638	-2.2741141319274902
92.85567132383585	-1.4101736769080162
89.82464957982302	-4.441195420920849
105.75056298822165	11.48471798747778
99.47436486184597	5.208519861102104
86.44823084771633	-7.8176141530275345
99.62072839587927	5.354883395135403
103.6913834810257	9.42553848028183
99.1145655810833	4.848720580339432
96.44451219588518	2.1786671951413155
81.95341274142265	-12.312432259321213
103.08019698411226	8.814351983368397
106.51337730884552	12.247532308101654
84.28343740105629	-9.982407599687576
109.92513778805733	15.659292787313461
100.152049690485	5.886204689741135
95.64503531903028	1.379190318286419
89.57751189917326	-4.688333101570606
104.40740495920181	10.141559958457947
101.29842592030764	7.03258091956377
78.46259482204914	-15.803250178694725
86.4032331481576	-7.862611852586269
86.92729479819536	-7.338550202548504
83.90848767012358	-10.357357330620289
88.59461212903261	-5.671232871711254
99.51984900981188	5.254004009068012
86.6138502433896	-7.6519947573542595
85.4628733471036	-8.80297165364027
97.31087077409029	3.045025773346424
99.59046476334333	5.324619762599468
104.88273985683918	10.616894856095314
88.13171124458313	-6.134133756160736
95.38167859613895	1.1158335953950882
104.9687714278698	10.70292642712593
94.37054797261953	0.10470297187566757
106.15130226314068	11.885457262396812
94.66930404305458	0.4034590423107147
82.7122018635273	-11.553643137216568
103.94457210600376	9.678727105259895
81.73416823148727	-12.531676769256592
97.6382717192173	3.3724267184734344
100.75542229413986	6.489577293395996
93.0572767034173	-1.2085682973265648
97.07892595976591	2.813080959022045
99.47285962104797	5.207014620304108
93.31138927489519	-0.9544557258486748
99.55961897969246	5.293773978948593
101.17847155034542	6.912626549601555
86.76217460632324	-7.503670394420624
92.54204519093037	-1.7237998098134995
69.8935474306345	-24.372297570109367
85.20080304145813	-9.065041959285736
109.1800113171339	14.914166316390038
94.50832227617502	0.24247727543115616
95.52457574754953	1.2587307468056679
102.61538264155388	8.349537640810013
97.51858304440975	3.252738043665886
97.03807359188795	2.772228591144085
91.08432299643755	-3.1815220043063164
89.49129191040993	-4.774553090333939
101.43842504173517	7.172580040991306
91.30437036603689	-2.961474634706974
92.50281741470098	-1.763027586042881
98.04931212961674	3.7834671288728714
95.60450096428394	1.3386559635400772
97.56267792731524	3.296832926571369
94.64666374027729	0.3808187395334244
97.48370858281851	3.217863582074642
102.45268090069294	8.186835899949074
86.08800821006298	-8.177836790680885
107.39157102257013	13.125726021826267
99.68399611860514	5.418151117861271
99.0693553686142	4.803510367870331
88.50119125843048	-5.764653742313385
88.84465866535902	-5.421186335384846
102.56761551648378	8.301770515739918
96.38987348973751	2.1240284889936447
83.0793649405241	-11.186480060219765
102.84855921566486	8.582714214920998
97.78476123511791	3.5189162343740463
103.51276169717312	9.246916696429253
86.95769387483597	-7.308151125907898
98.37248063832521	4.106635637581348
94.48600134253502	0.22015634179115295
90.10598161816597	-4.159863382577896
95.80709178000689	1.5412467792630196
91.35951345413923	-2.9063315466046333
74.7256760969758	-19.540168903768063
96.8897912427783	2.6239462420344353
92.61835210770369	-1.6474928930401802
92.61301276832819	-1.6528322324156761
90.49561976641417	-3.7702252343297005
87.40019616484642	-6.865648835897446
85.4240084066987	-8.841836594045162
96.61485181003809	2.349006809294224
88.3187613710761	-5.947083629667759
87.67566418647766	-6.590180814266205
89.74624540656805	-4.519599594175816
95.79673585295677	1.5308908522129059
90.54790610820055	-3.717938892543316
95.03632915019989	0.7704841494560242
84.61121474206448	-9.65463025867939
98.45332556962967	4.187480568885803
85.97818275541067	-8.287662245333195
111.82551307231188	17.559668071568012
106.12659234553576	11.86074734479189
94.22920573502779	-0.0366392657160759
91.27104038745165	-2.9948046132922173
92.0740722939372	-2.1917727068066597
75.74453824013472	-18.52130676060915
84.72432037442923	-9.54152462631464
90.41863653808832	-3.8472084626555443
96.68834748119116	2.4225024804472923
91.10537618398666	-3.160468816757202
100.21170759946108	5.945862598717213
103.12477055191994	8.858925551176071
108.6684917062521	14.402646705508232
85.84793605655432	-8.417908944189548
90.89946354180574	-3.366381458938122
91.1204624697566	-3.1453825309872627
102.61940023303032	8.353555232286453
96.69247407466173	2.4266290739178658
94.86297643184662	0.5971314311027527
102.79342416673899	8.527579165995121
86.03847160935402	-8.227373391389847
99.3346079736948	5.068762972950935
103.77090127021074	9.505056269466877
89.06481237709522	-5.2010326236486435
87.71301074326038	-6.552834257483482
83.6377981081605	-10.62804689258337
93.90898695588112	-0.3568580448627472
88.10265065729618	-6.163194343447685
92.82797463983297	-1.4378703609108925
81.46231952309608	-12.803525477647781
83.35862109065056	-10.907223910093307
97.33985328674316	3.074008285999298
100.34633931517601	6.080494314432144
92.13517730683088	-2.130667693912983
95.66633763164282	1.4004926308989525
94.27232471853495	0.006479717791080475
85.12734796851873	-9.138497032225132
101.78876573592424	7.522920735180378
94.57550723105669	0.30966223031282425
89.95634140819311	-4.3095035925507545
92.90128853172064	-1.3645564690232277
93.95678146928549	-0.30906353145837784
90.45838306099176	-3.807461939752102
106.21072133630514	11.944876335561275
94.7852494046092	0.5194044038653374
98.03893114626408	3.7730861455202103
100.05648677796125	5.790641777217388
102.96451606601477	8.6986710652709
98.38002932071686	4.114184319972992
95.40883716195822	1.1429921612143517
95.07770197838545	0.8118569776415825
100.23240496963263	5.96655996888876
80.32007537037134	-13.945769630372524
95.98590167611837	1.720056675374508
86.41041219979525	-7.85543280094862
89.17626837641001	-5.0895766243338585
83.04205664247274	-11.223788358271122
97.67809438705444	3.4122493863105774
88.34004882723093	-5.925796173512936
102.46616644412279	8.200321443378925
96.26146785914898	1.9956228584051132
82.9560438990593	-11.30980110168457
99.51876682788134	5.25292182713747
91.56496189534664	-2.7008831053972244
87.35288710147142	-6.912957899272442
91.62888639420271	-2.6369586065411568
100.03393594175577	5.768090941011906
97.2404064014554	2.9745614007115364
78.32828959077597	-15.9375554099679
97.31426975131035	3.0484247505664825
95.54621268063784	1.2803676798939705
103.23689745366573	8.971052452921867
90.60190717875957	-3.663937821984291
102.22068568319082	7.954840682446957
96.20405855029821	1.938213549554348
94.29536913335323	0.02952413260936737
85.3684704080224	-8.897374592721462
90.98251573741436	-3.283329263329506
84.75433418899775	-9.51151081174612
93.83213526755571	-0.4337097331881523
87.11510149389505	-7.150743506848812
86.28330682963133	-7.982538171112537
87.07718763500452	-7.1886573657393456
94.92178203165531	0.6559370309114456
93.13739220052958	-1.1284528002142906
85.86635766923428	-8.39948733150959
93.03000014275312	-1.2358448579907417
100.50179999321699	6.2359549924731255
92.40948935598135	-1.856355644762516
84.49611052125692	-9.769734479486942
92.6703380420804	-1.5955069586634636
88.12863455712795	-6.137210443615913
86.67187274992466	-7.593972250819206
86.45046512782574	-7.815379872918129
99.11694645136595	4.851101450622082
93.44822245836258	-0.8176225423812866
88.57699403911829	-5.688850961625576
92.43600306659937	-1.829841934144497
84.10003535449505	-10.165809646248817
80.76135351508856	-13.504491485655308
98.19047882407904	3.9246338233351707
87.88792415708303	-6.3779208436608315
107.33019832521677	13.064353324472904
109.29730072617531	15.031455725431442
101.93263559043407	7.666790589690208
92.60070778429508	-1.6651372164487839
88.97108349204063	-5.294761508703232
100.91628298163414	6.650437980890274
76.94116680324078	-17.32467819750309
82.42712545394897	-11.838719546794891
97.15011312067509	2.884268119931221
101.91971457004547	7.653869569301605
90.70379121601582	-3.5620537847280502
102.24137913435698	7.97553413361311
112.21001447737217	17.944169476628304
93.2628593146801	-1.0029856860637665
100.28566784411669	6.019822843372822
89.46516562998295	-4.800679370760918
101.4452093616128	7.179364360868931
82.40597579628229	-11.859869204461575
73.38720074295998	-20.87864425778389
97.69258572161198	3.4267407208681107
92.28173734992743	-1.9841076508164406
90.72075612843037	-3.5450888723134995
108.7089235112071	14.443078510463238
92.06205781549215	-2.203787185251713
93.12453693151474	-1.141308069229126
74.58327475190163	-19.68257024884224
79.31349907815456	-14.952345922589302
88.39266343414783	-5.873181566596031
98.75024675577879	4.4844017550349236
102.59815239161253	8.332307390868664
95.6342273503542	1.3683823496103287
100.96035199612379	6.694506995379925
97.47706387937069	3.2112188786268234
90.10052099823952	-4.165324002504349
86.50145296752453	-7.7643920332193375
105.4777583181858	11.21191331744194
92.81255776435137	-1.453287236392498
95.18608298152685	0.9202379807829857
97.08678627759218	2.820941276848316
87.29931457340717	-6.966530427336693
104.95430938154459	10.688464380800724
105.84886816889048	11.58302316814661
91.45418580621481	-2.8116591945290565
98.27571780234575	4.009872801601887
70.99402371048927	-23.271821290254593
83.03324171900749	-11.232603281736374
97.24835021048784	2.9825052097439766
87.90493780374527	-6.360907196998596
93.50849816203117	-0.7573468387126923
111.88223177194595	17.616386771202087
94.75888790935278	0.4930429086089134
105.85118906199932	11.585344061255455
97.75149880349636	3.485653802752495
110.61570734530687	16.349862344563007
95.02113073319197	0.755285732448101
87.210932277143	-7.054912723600864
92.61432959884405	-1.6515154018998146
99.80530431866646	5.539459317922592
88.99340005964041	-5.272444941103458
103.61593858897686	9.350093588232994
82.05890407413244	-12.206940926611423
81.6904835999012	-12.575361400842667
98.16047718375921	3.8946321830153465
102.73801977932453	8.472174778580666
103.01739445328712	8.751549452543259
89.26745384186506	-4.998391158878803
91.02644202113152	-3.2394029796123505
87.78463844954967	-6.481206551194191
92.62352298945189	-1.6423220112919807
91.85371751338243	-2.412127487361431
102.59571530669928	8.32987030595541
94.36007399857044	0.09422899782657623
77.4780630171299	-16.787781983613968
82.29038808494806	-11.975456915795803
86.57902517169714	-7.686819829046726
92.5147655904293	-1.75107941031456
91.19187085330486	-3.073974147439003
107.91247543692589	13.646630436182022
90.23192870616913	-4.0339162945747375
93.55925757437944	-0.7065874263644218
98.70322231948376	4.437377318739891
93.19359704107046	-1.0722479596734047
92.48762931674719	-1.7782156839966774
90.76315858960152	-3.5026864111423492
81.12764652073383	-13.138198480010033
94.27585665136576	0.010011650621891022
85.66198051720858	-8.60386448353529
92.88957085460424	-1.3762741461396217
82.75873193889856	-11.507113061845303
87.04892455041409	-7.216920450329781
97.15828853100538	2.8924435302615166
99.58912698924541	5.323281988501549
89.85614050924778	-4.409704491496086
97.52862973511219	3.2627847343683243
88.15228325128555	-6.113561749458313
84.09620380401611	-10.169641196727753
91.00892747193575	-3.256917528808117
81.86296012997627	-12.402884870767593
93.2926713526249	-0.9731736481189728
80.83533031493425	-13.430514685809612
92.47074016928673	-1.795104831457138
93.80826905369759	-0.4575759470462799
107.14733348041773	12.881488479673862
97.54504834115505	3.279203340411186
88.58442689478397	-5.681418105959892
82.44885492324829	-11.816990077495575
102.36709133535624	8.10124633461237
94.84835089743137	0.5825058966875076
105.42563269287348	11.159787692129612
99.03408195823431	4.768236957490444
93.90797682851553	-0.35786817222833633
93.77729804813862	-0.4885469526052475
85.89138547331095	-8.374459527432919
91.76657438278198	-2.4992706179618835
95.38583747297525	1.119992472231388
100.04149609059095	5.775651089847088
95.58419346064329	1.3183484598994255
95.80841309577227	1.5425680950284004
95.02951793372631	0.7636729329824448
83.92595207691193	-10.33989292383194
99.99390125274658	5.728056252002716
101.31253557652235	7.046690575778484
91.0556997358799	-3.210145264863968
92.69269669800997	-1.5731483027338982
87.12768422067165	-7.138160780072212
95.33806007355452	1.0722150728106499
104.54615660756826	10.280311606824398
106.71687204390764	12.451027043163776
88.1858115568757	-6.08003344386816
85.91591311246157	-8.349931888282299
96.95867174863815	2.692826747894287
97.1916816830635	2.925836682319641
97.17987645417452	2.9140314534306526
100.78370223194361	6.517857231199741
103.23297638446093	8.96713138371706
96.26932719349861	2.0034821927547455
94.59778790920973	0.3319429084658623
102.74361813813448	8.477773137390614
95.80810651928186	1.5422615185379982
81.54174761474133	-12.72409738600254
97.52605099231005	3.260205991566181
92.57394763827324	-1.6918973624706268
91.46754488348961	-2.798300117254257
99.04582589864731	4.779980897903442
80.51930184662342	-13.746543154120445
107.46003951132298	13.19419451057911
94.93767785280943	0.6718328520655632
81.17656982690096	-13.089275173842907
91.35769369453192	-2.9081513062119484
85.8491395264864	-8.41670547425747
94.52096090465784	0.25511590391397476
97.59588938951492	3.330044388771057
113.60714998096228	19.34130498021841
83.50330648571253	-10.762538515031338
90.72643199563026	-3.5394130051136017
93.20615975558758	-1.0596852451562881
93.4936980381608	-0.772146962583065
84.72380524128675	-9.542039759457111
84.84771573543549	-9.41812926530838
94.51745881140232	0.2516138106584549
90.28041058033705	-3.9854344204068184
96.02299331873655	1.7571483179926872
91.43792974948883	-2.8279152512550354
90.83453187346458	-3.4313131272792816
109.59912440925837	15.3332794085145
102.46180521696806	8.195960216224194
82.50698833167553	-11.758856669068336
81.6981296390295	-12.567715361714363
97.64563244581223	3.3797874450683594
91.0386251732707	-3.2272198274731636
82.22969864308834	-12.036146357655525
93.91784694045782	-0.3479980602860451
84.01644232869148	-10.249402672052383
87.90372855961323	-6.362116441130638
101.17527005076408	6.909425050020218
100.18955003470182	5.923705033957958
91.80650038272142	-2.459344618022442
93.44641276448965	-0.8194322362542152
101.78642316162586	7.520578160881996
103.47899898141623	9.21315398067236
90.35892970114946	-3.9069152995944023
97.03624601662159	2.7704010158777237
90.79093336313963	-3.4749116376042366
89.32373095303774	-4.942114047706127
81.53241770714521	-12.733427293598652
105.65431394428015	11.388468943536282
87.65502139925957	-6.610823601484299
105.29533768445253	11.029492683708668
95.45903319120407	1.193188190460205
87.84609159082174	-6.419753409922123
99.92250785976648	5.656662859022617
80.32196108996868	-13.943883910775185
92.2638031244278	-2.0020418763160706
82.32025492191315	-11.945590078830719
89.02597087621689	-5.2398741245269775
98.85319495201111	4.587349951267242
94.45822595059872	0.19238094985485077
90.05592306703329	-4.209921933710575
97.92638459801674	3.660539597272873
88.73416596651077	-5.531679034233093
93.34084729105234	-0.9249977096915245
102.59632540494204	8.33048040419817
95.01783146709204	0.7519864663481712
90.7526778280735	-3.5131671726703644
91.09459076076746	-3.171254239976406
104.03619004786015	9.77034504711628
101.6942216232419	7.428376622498035
99.53877058625221	5.272925585508347
98.58725956082344	4.321414560079575
97.46167896687984	3.1958339661359787
99.38856743276119	5.122722432017326
96.97541938722134	2.7095743864774704
108.72814317047596	14.462298169732094
105.46539864689112	11.199553646147251
92.44746456295252	-1.8183804377913475
101.47504676133394	7.2092017605900764
98.67390649020672	4.4080614894628525
104.81811308115721	10.552268080413342
89.72125654667616	-4.544588454067707
85.3229455575347	-8.942899443209171
101.99437499046326	7.728529989719391
77.91127245128155	-16.35457254946232
95.18178799748421	0.9159429967403412
94.10851822048426	-0.15732678025960922
105.69789481908083	11.432049818336964
84.03255304694176	-10.233291953802109
96.17379884421825	1.9079538434743881
95.16596702486277	0.9001220241189003
96.27430405467749	2.0084590539336205
99.60640820115805	5.340563200414181
99.29123736172915	5.025392360985279
98.54344920814037	4.277604207396507
89.58477240800858	-4.6810725927352905
93.08342856913805	-1.1824164316058159
90.90191487967968	-3.363930121064186
89.70820391923189	-4.557641081511974
99.67705204337835	5.411207042634487
94.13173186779022	-0.1341131329536438
92.70946854352951	-1.5563764572143555
99.52584061771631	5.259995616972446
95.93883112818003	1.672986127436161
95.7369200065732	1.4710750058293343
103.46926674991846	9.203421749174595
95.707196675241	1.4413516744971275
101.41141570359468	7.145570702850819
95.28595794737339	1.0201129466295242
86.52840258181095	-7.737442418932915
106.54778090119362	12.281935900449753
104.58180318027735	10.315958179533482
87.82300656288862	-6.442838437855244
90.10952765494585	-4.156317345798016
90.44446016103029	-3.8213848397135735
109.88214585185051	15.616300851106644
100.47994081676006	6.214095816016197
90.07455875724554	-4.191286243498325
93.93539875000715	-0.3304462507367134
92.40776609629393	-1.8580789044499397
101.8296065852046	7.563761584460735
85.97017078846693	-8.295674212276936
90.704156935215	-3.5616880655288696
89.36873012781143	-4.897114872932434
94.07562991976738	-0.1902150809764862
88.38046617805958	-5.885378822684288
82.95274833589792	-11.313096664845943
99.99633152037859	5.730486519634724
85.15575981140137	-9.110085189342499
95.25291525572538	0.9870702549815178
93.2799191325903	-0.9859258681535721
104.9491064697504	10.683261469006538
91.29163035005331	-2.9742146506905556
87.87159756571054	-6.394247435033321
82.43074280023575	-11.835102200508118
96.7701898664236	2.504344865679741
85.73305557668209	-8.532789424061775
96.76581396907568	2.499968968331814
98.17065681517124	3.904811814427376
96.4961898252368	2.2303448244929314
86.73173771053553	-7.53410729020834
94.09599978476763	-0.16984521597623825
105.43089447170496	11.165049470961094
92.96291577070951	-1.3029292300343513
103.91292694956064	9.647081948816776
92.64448423683643	-1.6213607639074326
86.73354410380125	-7.5323008969426155
102.047865614295	7.78202061355114
98.91639756411314	4.650552563369274
104.3115328475833	10.045687846839428
99.44348160177469	5.177636601030827
90.28263095021248	-3.9832140505313873
96.49810318648815	2.2322581857442856
83.38533706963062	-10.880507931113243
101.6615781262517	7.395733125507832
92.21475634723902	-2.0510886535048485
93.68792839348316	-0.577916607260704
91.22592326253653	-3.0399217382073402
90.36646784842014	-3.899377152323723
85.9135771766305	-8.352267824113369
74.01474370062351	-20.251101300120354
86.03387159854174	-8.23197340220213
99.8336373642087	5.567792363464832
105.21991927176714	10.954074271023273
96.09656744450331	1.8307224437594414
96.16191060841084	1.8960656076669693
105.78976517915726	11.523920178413391
88.7573356255889	-5.508509375154972
78.55353251099586	-15.712312489748001
97.9083664342761	3.642521433532238
81.43455627560616	-12.83128872513771
87.02306538820267	-7.242779612541199
96.25165365636349	1.9858086556196213
89.48085214197636	-4.7849928587675095
80.81680987030268	-13.449035130441189
78.13703021407127	-16.128814786672592
84.99717307090759	-9.268671929836273
98.33782589435577	4.071980893611908
96.71614915132523	2.45030415058136
96.74397663027048	2.478131629526615
94.13014539331198	-0.13569960743188858
84.37331658601761	-9.892528414726257
106.60532561689615	12.339480616152287
91.35702383518219	-2.908821165561676
93.97045895457268	-0.29538604617118835
95.98517478257418	1.7193297818303108
94.89953222870827	0.6336872279644012
75.0381823554635	-19.22766264528036
99.06184434145689	4.795999340713024
86.9807586595416	-7.285086341202259
75.52651724219322	-18.739327758550644
86.35694560408592	-7.908899396657944
101.63733145594597	7.371486455202103
100.08347448706627	5.817629486322403
82.1660185828805	-12.099826417863369
92.19777492433786	-2.068070076406002
102.8195321559906	8.553687155246735
90.75718834251165	-3.508656658232212
90.45592933893204	-3.8099156618118286
92.35108119249344	-1.9147638082504272
97.3601149469614	3.094269946217537
99.23667331039906	4.9708283096551895
93.12880725413561	-1.1370377466082573
101.62382981926203	7.357984818518162
92.36725042760372	-1.8985945731401443
101.03019381314516	6.764348812401295
83.78831899166107	-10.477526009082794
86.99537745863199	-7.270467542111874
86.94566705077887	-7.320177949965
95.97160279005766	1.7057577893137932
102.35591289401054	8.090067893266678
97.36358126997948	3.097736269235611
91.66647934168577	-2.599365659058094
83.7241083458066	-10.541736654937267
88.46526453644037	-5.8005804643034935
87.8518218100071	-6.414023190736771
83.61837830394506	-10.647466696798801
90.68129107356071	-3.5845539271831512
98.19723512232304	3.9313901215791702
95.60764664411545	1.341801643371582
92.668163202703	-1.5976817980408669
91.86591319739819	-2.3999318033456802
94.9262780174613	0.6604330167174339
94.08193086087704	-0.18391413986682892
92.5894288495183	-1.6764161512255669
92.26238565891981	-2.0034593418240547
99.68438074737787	5.4185357466340065
90.1361866146326	-4.1296583861112595
93.38035786896944	-0.8854871317744255
86.85601054131985	-7.409834459424019
94.38432716578245	0.11848216503858566
87.40234439074993	-6.863500609993935
93.23934391885996	-1.0265010818839073
94.43138059973717	0.1655355989933014
108.0080938115716	13.742248810827732
102.87120068818331	8.605355687439442
93.57938297092915	-0.6864620298147202
95.6615746319294	1.3957296311855316
101.51419407874346	7.248349077999592
101.87992418557405	7.614079184830189
92.50813929736614	-1.7577057033777237
77.48472695797682	-16.781118042767048
88.47172506153584	-5.794119939208031
90.3426016792655	-3.923243321478367
98.2507806122303	3.984935611486435
92.15470692515373	-2.1111380755901337
98.46407856047153	4.198233559727669
100.34140794724226	6.075562946498394
88.68492568284273	-5.5809193179011345
96.31745978444815	2.051614783704281
82.70463773608208	-11.561207264661789
83.19085386395454	-11.074991136789322
77.93215205520391	-16.33369294553995
87.56366454064846	-6.702180460095406
85.17120491713285	-9.094640083611012
98.43850872665644	4.172663725912571
91.86839630454779	-2.3974486961960793
98.80024393647909	4.534398935735226
83.21059368550777	-11.055251315236092
100.73331555724144	6.467470556497574
98.67070484906435	4.404859848320484
87.85633938014507	-6.409505620598793
96.94031325727701	2.674468256533146
110.08438431471586	15.818539313971996
98.5703305453062	4.30448554456234
96.74881325662136	2.482968255877495
88.21811729669571	-6.047727704048157
95.65513452887535	1.389289528131485
100.57912617921829	6.313281178474426
90.06107110530138	-4.204773895442486
96.06895738840103	1.8031123876571655
98.22722035646439	3.96137535572052
81.72469987720251	-12.541145123541355
82.54742956161499	-11.718415439128876
100.58003149926662	6.3141864985227585
98.00980472564697	3.7439597249031067
93.70685026794672	-0.5589947327971458
83.30178704112768	-10.964057959616184
85.99367406219244	-8.272170938551426
92.6661554723978	-1.5996895283460617
100.89730862528086	6.631463624536991
94.24590080231428	-0.019944198429584503
95.39905951917171	1.1332145184278488
90.29102120548487	-3.974823795258999
93.34000338613987	-0.9258416146039963
95.62953169643879	1.3636866956949234
86.9144535958767	-7.351391404867172
95.21135269850492	0.9455076977610588
106.56395746022463	12.298112459480762
87.00035621225834	-7.265488788485527
106.04867625236511	11.782831251621246
89.30109388381243	-4.9647511169314384
94.16593588143587	-0.09990911930799484
91.2468670681119	-3.0189779326319695
102.0205480158329	7.754703015089035
101.1020962819457	6.8362512812018394
98.37329669296741	4.107451692223549
100.80884236097336	6.542997360229492
102.04459027945995	7.778745278716087
120.78722167015076	26.52137666940689
92.51100605726242	-1.7548389434814453
100.6217729151249	6.355927914381027
90.64349357038736	-3.6223514303565025
98.58080523461103	4.314960233867168
107.56432496756315	13.298479966819286
98.89930135756731	4.633456356823444
77.23817061632872	-17.02767438441515
87.54243437200785	-6.723410628736019
103.35077155381441	9.084926553070545
98.50974099338055	4.243895992636681
90.95390235632658	-3.311942644417286
92.26743925362825	-1.998405747115612
89.01703246682882	-5.248812533915043
98.95617897063494	4.690333969891071
90.45558556169271	-3.8102594390511513
96.65441100299358	2.3885660022497177
88.13092263042927	-6.134922370314598
91.40443690121174	-2.8614080995321274
91.51563803106546	-2.750206969678402
105.40496202558279	11.139117024838924
97.35364048182964	3.0877954810857773
87.03309953957796	-7.232745461165905
94.57901963591576	0.31317463517189026
86.58742854744196	-7.678416453301907
94.4755263030529	0.20968130230903625
89.16231147199869	-5.103533528745174
97.7869613096118	3.5211163088679314
98.6104900315404	4.344645030796528
86.82979552447796	-7.436049476265907
92.53784304112196	-1.7280019596219063
81.10743719339371	-13.158407807350159
103.61422770470381	9.348382703959942
116.73922745883465	22.473382458090782
67.16825899481773	-27.097586005926132
89.18805226683617	-5.0777927339077
98.9768570587039	4.711012057960033
100.87213805317879	6.606293052434921
99.23956543952227	4.9737204387784
100.08805795013905	5.82221294939518
96.54989962279797	2.2840546220541
106.57435804605484	12.308513045310974
79.5187777876854	-14.747067213058472
98.27737022936344	4.0115252286195755
92.65419198572636	-1.6116530150175095
89.67220359295607	-4.5936414077878
88.26470439136028	-6.001140609383583
94.84475791454315	0.5789129137992859
115.52277395129204	21.256928950548172
92.17297903448343	-2.092865966260433
96.05248421430588	1.7866392135620117
85.67912469804287	-8.586720302700996
98.84808089584112	4.582235895097256
82.27549367398024	-11.99035132676363
96.1398159712553	1.8739709705114365
94.39142524451017	0.12558024376630783
106.62139098346233	12.355545982718468
86.8059671446681	-7.459877856075764
87.42746229469776	-6.838382706046104
104.61155795305967	10.345712952315807
73.18789283931255	-21.077952161431313
94.08406502008438	-0.18177998065948486
90.19779962301254	-4.068045377731323
95.27320986241102	1.0073648616671562
101.13765466958284	6.871809668838978
88.72843892872334	-5.537406072020531
96.11989359557629	1.8540485948324203
91.679532520473	-2.5863124802708626
98.81019277870655	4.544347777962685
84.03740099072456	-10.228444010019302
93.46630272269249	-0.7995422780513763
96.6094291806221	2.343584179878235
99.57704873383045	5.311203733086586
77.5048315897584	-16.76101341098547
94.07128623127937	-0.1945587694644928
93.35561288148165	-0.9102321192622185
88.15603399276733	-6.109811007976532
95.87562118470669	1.609776183962822
91.85482282936573	-2.4110221713781357
93.166129745543	-1.0997152552008629
92.23022352904081	-2.0356214717030525
92.81201156228781	-1.4538334384560585
102.99935559928417	8.733510598540306
96.08828411251307	1.8224391117691994
94.80899377167225	0.5431487709283829
106.64919761568308	12.383352614939213
90.71717339754105	-3.54867160320282
94.24394837766886	-0.021896623075008392
88.52028368413448	-5.745561316609383
94.90745040029287	0.6416053995490074
100.56361304968596	6.297768048942089
91.1925060749054	-3.0733389258384705
96.16340228170156	1.8975572809576988
92.95958632975817	-1.3062586709856987
99.77692713588476	5.511082135140896
92.09034860134125	-2.1754963994026184
93.0443644374609	-1.2214805632829666
89.96304835379124	-4.302796646952629
88.23808571696281	-6.027759283781052
101.60379480570555	7.337949804961681
84.30085220187902	-9.964992798864841
111.77473374456167	17.508888743817806
97.23723535984755	2.9713903591036797
77.82498766481876	-16.440857335925102
83.94116149097681	-10.324683509767056
101.76253843307495	7.496693432331085
93.18542408943176	-1.0804209113121033
105.61586233228445	11.350017331540585
89.64787779003382	-4.617967210710049
100.29737973213196	6.031534731388092
103.69629094749689	9.430445946753025
94.74162823706865	0.47578323632478714
88.4618320018053	-5.8040129989385605
92.14369638264179	-2.1221486181020737
89.08056029677391	-5.1852847039699554
91.93525800853968	-2.3305869922041893
93.54636518657207	-0.7194798141717911
90.90127644687891	-3.364568553864956
93.87748719751835	-0.3883578032255173
106.80925270169973	12.543407700955868
97.9562256410718	3.6903806403279305
89.07066490501165	-5.195180095732212
100.22179721295834	5.95595221221447
80.7066327854991	-13.55921221524477
89.23029237985611	-5.035552620887756
103.45543394982815	9.189588949084282
94.21107721328735	-0.05476778745651245
92.49955359101295	-1.7662914097309113
98.19849332422018	3.9326483234763145
93.54795680940151	-0.7178881913423538
95.88398005068302	1.6181350499391556
100.61801621317863	6.352171212434769
103.24174768477678	8.975902684032917
88.79790844023228	-5.467936560511589
99.44028435647488	5.17443935573101
93.14554987102747	-1.1202951297163963
91.57228875160217	-2.693556249141693
90.9077725186944	-3.358072482049465
88.42806565016508	-5.837779350578785
83.14373391866684	-11.122111082077026
97.91641229391098	3.6505672931671143
91.01414842903614	-3.2516965717077255
98.3841369971633	4.11829199641943
86.03923864662647	-8.226606354117393
86.72771716862917	-7.5381278321146965
90.01645585894585	-4.249389141798019
94.48723328113556	0.22138828039169312
83.58202718943357	-10.683817811310291
102.68810745328665	8.422262452542782
96.08256860077381	1.8167236000299454
87.26743812114	-6.998406879603863
92.99206383526325	-1.2737811654806137
91.94627310335636	-2.3195718973875046
95.9500641822815	1.6842191815376282
93.50527020543814	-0.7605747953057289
91.8200873658061	-2.445757634937763
88.93437458574772	-5.331470414996147
89.47587118297815	-4.789973817765713
100.43683593720198	6.170990936458111
85.75837789475918	-8.507467105984688
74.10400786995888	-20.16183713078499
87.0223289579153	-7.24351604282856
98.45205201208591	4.186207011342049
93.51143208146095	-0.7544129192829132
91.63343038409948	-2.6324146166443825
89.78914669156075	-4.476698309183121
96.45064033567905	2.1847953349351883
73.890490218997	-20.375354781746864
93.92688012868166	-0.33896487206220627
89.58960196375847	-4.676243036985397
92.58028708398342	-1.6855579167604446
96.36756701767445	2.10172201693058
101.84719599038363	7.581350989639759
85.97937383502722	-8.286471165716648
90.82608919590712	-3.43975580483675
102.11336650699377	7.847521506249905
85.34226227551699	-8.92358272522688
91.98159534484148	-2.2842496559023857
88.44980829954147	-5.816036701202393
99.34281165897846	5.076966658234596
90.01327051967382	-4.252574481070042
102.79471054673195	8.528865545988083
96.4746673181653	2.2088223174214363
92.6294971704483	-1.6363478302955627
88.9166115373373	-5.349233463406563
87.30425450950861	-6.961590491235256
107.26379986852407	12.997954867780209
99.42960590869188	5.163760907948017
108.40369986742735	14.137854866683483
87.09621355682611	-7.169631443917751
91.88207013905048	-2.3837748616933823
86.83317919820547	-7.432665802538395
78.28747425228357	-15.978370748460293
94.32206942141056	0.05622442066669464
103.5650699660182	9.299224965274334
83.55081533640623	-10.715029664337635
85.54305715858936	-8.722787842154503
94.20089238882065	-0.06495261192321777
98.8949853926897	4.629140391945839
98.62091365456581	4.355068653821945
100.33483155816793	6.0689865574240685
92.91181117296219	-1.3540338277816772
93.67827412486076	-0.5875708758831024
98.23652196675539	3.970676966011524
100.24182001501322	5.975975014269352
102.71874417364597	8.452899172902107
109.56962142139673	15.303776420652866
89.70726159960032	-4.558583401143551
103.02119424194098	8.75534924119711
104.66632439941168	10.400479398667812
92.97200850397348	-1.293836496770382
95.66741500794888	1.4015700072050095
84.65075631439686	-9.615088686347008
96.55305268615484	2.2872076854109764
86.3063228353858	-7.959522165358067
100.84624864906073	6.58040364831686
88.50021893531084	-5.765626065433025
89.64010403305292	-4.625740967690945
96.11099295318127	1.8451479524374008
97.82859933376312	3.5627543330192566
100.35757497698069	6.09172997623682
85.53184919804335	-8.73399580270052
103.50918424129486	9.243339240550995
91.7045925706625	-2.5612524300813675
91.30353556573391	-2.9623094350099564
105.18984019011259	10.923995189368725
103.47756999731064	9.211724996566772
89.14038949459791	-5.125455506145954
90.44385485351086	-3.8219901472330093
89.34639091044664	-4.919454090297222
90.76501224935055	-3.500832751393318
106.58302424103022	12.31717924028635
95.23689045011997	0.9710454493761063
103.11218220740557	8.846337206661701
88.64074686914682	-5.625098131597042
83.60833898931742	-10.657506011426449
88.22604881227016	-6.0397961884737015
93.89879926294088	-0.36704573780298233
104.85428319871426	10.58843819797039
99.71325618773699	5.447411186993122
98.06788595020771	3.8020409494638443
89.14643047749996	-5.119414523243904
97.15860231220722	2.892757311463356
95.42189428210258	1.1560492813587189
98.31771269440651	4.051867693662643
92.23229376971722	-2.0335512310266495
93.2533435150981	-1.012501485645771
92.9493085667491	-1.31653643399477
97.42745212465525	3.1616071239113808
101.44309666752815	7.1772516667842865
98.54691037535667	4.281065374612808
105.55437744408846	11.288532443344593
101.15062312781811	6.884778127074242
97.74414732307196	3.4783023223280907
100.36693385243416	6.101088851690292
97.73667835444212	3.4708333536982536
88.75681573152542	-5.509029269218445
89.33328944444656	-4.932555556297302
110.93654219061136	16.670697189867496
97.48923464119434	3.2233896404504776
90.27450676262379	-3.991338238120079
96.17857188731432	1.9127268865704536
93.57339005917311	-0.6924549415707588
88.79523136466742	-5.47061363607645
91.87640300393105	-2.3894419968128204
91.17364240437746	-3.0922025963664055
94.59087384492159	0.32502884417772293
83.51324960589409	-10.752595394849777
90.75372838973999	-3.5121166110038757
102.04804932326078	7.782204322516918
102.89939730614424	8.633552305400372
100.36151105165482	6.09566605091095
85.4572055414319	-8.808639459311962
105.68594807386398	11.420103073120117
92.60017345100641	-1.6656715497374535
106.36077953875065	12.094934538006783
91.71715655177832	-2.5486884489655495
98.66193827241659	4.396093271672726
89.56608743965626	-4.699757561087608
94.43700556457043	0.17116056382656097
84.9732301607728	-9.292614839971066
100.1288545653224	5.863009564578533
94.75518451631069	0.48933951556682587
105.41150277107954	11.145657770335674
97.22123014181852	2.9553851410746574
91.1975602209568	-3.0682847797870636
89.37995617836714	-4.885888822376728
109.26270048320293	14.996855482459068
98.37726168334484	4.111416682600975
89.3430860415101	-4.922758959233761
100.31890954077244	6.053064540028572
101.90094915777445	7.635104157030582
101.56028772890568	7.294442728161812
96.34984224289656	2.083997242152691
94.55883444845676	0.29298944771289825
89.25270356237888	-5.013141438364983
96.70118941366673	2.435344412922859
81.42307096719742	-12.842774033546448
96.19995073229074	1.9341057315468788
86.79238840192556	-7.473456598818302
94.07631738483906	-0.18952761590480804
94.9591212272644	0.6932762265205383
88.73828124254942	-5.527563758194447
87.71751946955919	-6.548325531184673
97.78032396733761	3.5144789665937424
86.904679864645	-7.361165136098862
90.85006446391344	-3.4157805368304253
109.50052308291197	15.234678082168102
92.96218232065439	-1.3036626800894737
97.67135152965784	3.4055065289139748
96.14937789738178	1.8835328966379166
97.90072252601385	3.634877525269985
87.62658698111773	-6.639258019626141
95.81557069718838	1.5497256964445114
96.23142103850842	1.9655760377645493
93.6507390588522	-0.6151059418916702
96.17791090905666	1.9120659083127975
84.7426338493824	-9.523211151361465
101.05203691124916	6.786191910505295
95.65412654727697	1.3882815465331078
87.32238361239433	-6.943461388349533
87.33435471355915	-6.931490287184715
88.75364381819963	-5.512201182544231
87.41888891905546	-6.846956081688404
103.06122057884932	8.79537557810545
93.67950143665075	-0.586343564093113
97.975531257689	3.709686256945133
91.1774236112833	-3.0884213894605637
95.89691035449505	1.6310653537511826
100.45671126246452	6.190866261720657
93.7802407965064	-0.4856042042374611
94.40121903270483	0.1353740319609642
94.03642609715462	-0.22941890358924866
96.65661069750786	2.3907656967639923
91.43778330087662	-2.8280616998672485
100.43415756523609	6.168312564492226
83.88492435961962	-10.380920641124249
93.20591583102942	-1.0599291697144508
92.74955174326897	-1.5162932574748993
87.88173007965088	-6.384114921092987
98.44707408547401	4.181229084730148
100.1875719577074	5.921726956963539
105.64478420466185	11.37893920391798
97.6602106243372	3.3943656235933304
88.45238483697176	-5.813460163772106
92.86306054890156	-1.402784451842308
100.615945905447	6.35010090470314
78.34009163081646	-15.925753369927406
82.7964295744896	-11.469415426254272
97.73024098575115	3.464395985007286
95.57673013955355	1.310885138809681
90.74647381156683	-3.5193711891770363
97.42403109371662	3.1581860929727554
88.45799873769283	-5.807846263051033
109.67417073994875	15.408325739204884
94.76780520379543	0.5019602030515671
94.78695717453957	0.5211121737957001
98.41994716227055	4.15410216152668
108.25256820768118	13.986723206937313
94.3412438556552	0.07539885491132736
108.21234410256147	13.946499101817608
101.18434715270996	6.918502151966095
104.36208967864513	10.096244677901268
101.71973733603954	7.453892335295677
95.51521642506123	1.24937142431736
90.37031159549952	-3.8955334052443504
91.45700188726187	-2.8088431134819984
98.84369603544474	4.5778510347008705
102.38929495960474	8.123449958860874
102.95458672940731	8.688741728663445
85.78182678669691	-8.484018214046955
94.31548304110765	0.049638040363788605
85.56487765908241	-8.700967341661453
88.73192362487316	-5.533921375870705
98.39687926322222	4.131034262478352
77.70558028668165	-16.560264714062214
97.82375409454107	3.557909093797207
97.15692500025034	2.8910799995064735
84.54289779812098	-9.72294720262289
92.462152518332	-1.8036924824118614
88.69224116951227	-5.573603831231594
100.93429868668318	6.668453685939312
104.53698132187128	10.271136321127415
99.46445512771606	5.1986101269721985
91.02408332377672	-3.241761676967144
82.45783800631762	-11.80800699442625
85.53125446289778	-8.734590537846088
103.80075772106647	9.534912720322609
88.09633652120829	-6.16950847953558
108.16367872059345	13.897833719849586
99.5920424759388	5.326197475194931
96.08561682701111	1.8197718262672424
104.88229214400053	10.616447143256664
94.86075454205275	0.5949095413088799
98.24100716412067	3.975162163376808
99.68157709389925	5.415732093155384
91.69998054206371	-2.565864458680153
91.82223124057055	-2.4436137601733208
78.84395724534988	-15.421887755393982
93.95298651605844	-0.312858484685421
109.68922924250364	15.423384241759777
98.73094379901886	4.465098798274994
83.55189204216003	-10.713952958583832
83.93260703235865	-10.33323796838522
91.07116243988276	-3.1946825608611107
106.08584016561508	11.819995164871216
94.26689378172159	0.0010487809777259827
97.67312839627266	3.4072833955287933
96.56934329867363	2.303498297929764
93.25156134366989	-1.0142836570739746
101.14276092499495	6.87691592425108
92.22615916281939	-2.0396858379244804
101.96999855339527	7.704153552651405
86.22366680949926	-8.042178191244602
84.69380488991737	-9.572040110826492
91.63890557736158	-2.6269394233822823
97.51588283479214	3.250037834048271
85.11172930151224	-9.154115699231625
93.72169629484415	-0.5441487058997154
103.15966198593378	8.893816985189915
89.80326127260923	-4.462583728134632
89.35041315853596	-4.915431842207909
99.40840221941471	5.142557218670845
94.31435449421406	0.048509493470191956
93.75942282378674	-0.5064221769571304
87.66942562907934	-6.596419371664524
104.72706892341375	10.461223922669888
110.30190722644329	16.036062225699425
98.45451471209526	4.188669711351395
89.96506073325872	-4.300784267485142
98.5695438683033	4.303698867559433
99.53880502283573	5.2729600220918655
106.86137857288122	12.595533572137356
98.61161935329437	4.345774352550507
100.30721794813871	6.041372947394848
87.19379755109549	-7.07204744964838
92.45125827938318	-1.8145867213606834
91.63236178457737	-2.6334832161664963
83.51274693012238	-10.75309807062149
89.46230637282133	-4.803538627922535
103.5913499519229	9.325504951179028
81.46557892113924	-12.800266079604626
97.53697546571493	3.2711304649710655
89.62734171748161	-4.638503283262253
87.59450447559357	-6.671340525150299
90.52361607551575	-3.742228925228119
86.41113206744194	-7.854712933301926
101.31606664508581	7.050221644341946
95.04320543259382	0.7773604318499565
100.1948239505291	5.9289789497852325
95.63748978078365	1.3716447800397873
100.44214481115341	6.176299810409546
99.72812424600124	5.462279245257378
99.90210472792387	5.636259727180004
88.68076695501804	-5.5850780457258224
98.18830469995737	3.922459699213505
89.80064381659031	-4.465201184153557
92.0672122836113	-2.1986327171325684
103.20098104327917	8.935136042535305
103.27461705356836	9.008772052824497
90.7200019955635	-3.545843005180359
105.51861592382193	11.25277092307806
91.58108835667372	-2.6847566440701485
99.2258028164506	4.95995781570673
104.69488514214754	10.429040141403675
95.00763161480427	0.7417866140604019
87.77086242288351	-6.494982577860355
92.5902077332139	-1.6756372675299644
84.82775726169348	-9.438087739050388
84.16701669245958	-10.098828308284283
90.88722787052393	-3.3786171302199364
89.09604078531265	-5.169804215431213
82.45170296728611	-11.814142033457756
83.2915773615241	-10.974267639219761
83.34244605153799	-10.923398949205875
89.12025257200003	-5.145592428743839
98.15827263891697	3.8924276381731033
100.76361340284348	6.497768402099609
92.06402634084225	-2.201818659901619
80.66951199620962	-13.596333004534245
104.9476683139801	10.681823313236237
84.31819024682045	-9.947654753923416
90.79796531796455	-3.467879682779312
103.5843897163868	9.318544715642929
88.10093145817518	-6.164913542568684
93.4113712310791	-0.8544737696647644
99.98950372636318	5.723658725619316
95.20280165225267	0.9369566515088081
91.87962491810322	-2.386220082640648
86.49584665894508	-7.769998341798782
88.36628093570471	-5.899564065039158
85.7383019477129	-8.527543053030968
79.82405634224415	-14.441788658499718
97.19410990178585	2.9282649010419846
73.35963745415211	-20.90620754659176
99.22067243605852	4.954827435314655
87.22239393740892	-7.043451063334942
110.39869537204504	16.132850371301174
106.70313899219036	12.437293991446495
98.87195881456137	4.606113813817501
91.28104040026665	-2.9848046004772186
93.16779689490795	-1.0980481058359146
98.58965239673853	4.323807395994663
108.36992109566927	14.104076094925404
106.70347438752651	12.437629386782646
98.25165986269712	3.9858148619532585
105.01992335170507	10.754078350961208
94.03347817063332	-0.23236683011054993
90.24700178205967	-4.0188432186841965
97.57209068536758	3.3062456846237183
80.32130132615566	-13.944543674588203
94.04687411338091	-0.218970887362957
103.05221375077963	8.786368750035763
85.23836546391249	-9.027479536831379
89.47390641272068	-4.791938588023186
96.87034196406603	2.6044969633221626
80.47103668004274	-13.794808320701122
107.46747297048569	13.201627969741821
89.09936310350895	-5.166481897234917
92.20469352602959	-2.061151474714279
97.72578758001328	3.459942579269409
85.53133999556303	-8.734505005180836
93.98273611068726	-0.2831088900566101
102.60480943322182	8.338964432477951
96.9550111964345	2.689166195690632
94.68493443727493	0.4190894365310669
92.71263141185045	-1.5532135888934135
98.55987001210451	4.294025011360645
98.11722147464752	3.851376473903656
86.638482183218	-7.627362817525864
102.39930328726768	8.133458286523819
94.91658215969801	0.6507371589541435
85.60347832739353	-8.662366673350334
94.66543107479811	0.3995860740542412
104.13864865899086	9.872803658246994
103.72378370165825	9.457938700914383
88.86735689640045	-5.398488104343414
92.66342677921057	-1.6024182215332985
98.33573470264673	4.069889701902866
97.46969863027334	3.203853629529476
93.05278804898262	-1.2130569517612457
95.40249894559383	1.136653944849968
95.13561805337667	0.8697730526328087
89.04629787802696	-5.219547122716904
102.91299144178629	8.647146441042423
101.89108128845692	7.625236287713051
85.23826245963573	-9.027582541108131
86.12425993382931	-8.141585066914558
78.335284486413	-15.930560514330864
94.85728735476732	0.5914423540234566
106.32075791060925	12.05491290986538
98.77389387786388	4.508048877120018
90.75392655283213	-3.5119184479117393
95.35245246440172	1.086607463657856
98.07187109440565	3.806026093661785
94.37536960840225	0.10952460765838623
110.01866710931063	15.752822108566761
87.6202596873045	-6.645585313439369
99.96649387478828	5.700648874044418
95.82429875433445	1.5584537535905838
96.54339863359928	2.2775536328554153
104.58750765025616	10.321662649512291
100.07251780480146	5.806672804057598
103.99776661396027	9.7319216132164
87.23426877707243	-7.031576223671436
100.0898509323597	5.8240059316158295
90.22770100086927	-4.038143999874592
101.57919003069401	7.313345029950142
93.60104580968618	-0.664799191057682
115.37164837121964	21.10580337047577
77.60303803533316	-16.66280696541071
84.04966001212597	-10.216184988617897
92.91436962038279	-1.3514753803610802
88.06312800198793	-6.202716998755932
85.43859788030386	-8.827247120440006
89.4344512745738	-4.831393726170063
101.86006189882755	7.594216898083687
86.93946567177773	-7.326379328966141
94.42408923059702	0.15824422985315323
98.02604673802853	3.7602017372846603
101.93168471753597	7.665839716792107
99.51417676359415	5.248331762850285
95.25691829621792	0.9910732954740524
88.2628540173173	-6.002990983426571
103.4522096067667	9.186364606022835
84.27073119580746	-9.995113804936409
90.79750016331673	-3.4683448374271393
92.6095030233264	-1.656341977417469
91.29259905964136	-2.9732459411025047
93.72997833788395	-0.5358666628599167
92.27520547062159	-1.9906395301222801
96.40483631938696	2.138991318643093
93.28800411522388	-0.9778408855199814
87.26343642920256	-7.002408571541309
97.62153558433056	3.355690583586693
91.97588133066893	-2.2899636700749397
83.11622551828623	-11.149619482457638
101.33106303215027	7.065218031406403
89.52758728712797	-4.738257713615894
90.84543859958649	-3.420406401157379
105.1829509139061	10.917105913162231
89.67977957427502	-4.586065426468849
90.22361736744642	-4.042227633297443
94.18207393586636	-0.08377106487751007
89.86864514648914	-4.397199854254723
100.27416271716356	6.008317716419697
113.6646592989564	19.39881429821253
106.58856391906738	12.322718918323517
95.24688013643026	0.9810351356863976
92.80869054794312	-1.4571544528007507
92.79728780686855	-1.4685571938753128
90.715681001544	-3.5501639991998672
91.633480489254	-2.632364511489868
111.12748093158007	16.8616359308362
102.0037707015872	7.737925700843334
97.9434494227171	3.6776044219732285
88.40378673374653	-5.862058266997337
92.48383522033691	-1.782009780406952
93.79951380938292	-0.46633119136095047
85.20263178646564	-9.063213214278221
89.03563375025988	-5.23021125048399
83.29376669228077	-10.972078308463097
90.41422382742167	-3.8516211733222008
92.85596869140863	-1.4098763093352318
96.2429251074791	1.9770801067352295
102.97378154098988	8.70793654024601
88.45814145356417	-5.807703547179699
87.41101797670126	-6.854827024042606
94.41960989683867	0.15376489609479904
95.07926085591316	0.8134158551692963
92.79349567741156	-1.4723493233323097
88.97036161273718	-5.295483388006687
86.83419740200043	-7.431647598743439
97.40621545165777	3.140370450913906
110.68364238739014	16.41779738664627
107.49534559994936	13.229500599205494
94.57685976475477	0.3110147640109062
90.27286957204342	-3.992975428700447
97.02686805278063	2.7610230520367622
106.50341336429119	12.237568363547325
92.01043320447206	-2.255411796271801
98.6952441483736	4.429399147629738
92.32018515467644	-1.9456598460674286
100.47075644135475	6.204911440610886
94.71132641285658	0.44548141211271286
107.19678446650505	12.930939465761185
93.01502474397421	-1.2508202567696571
106.95028865337372	12.684443652629852
97.53921323269606	3.2733682319521904
87.7193280607462	-6.546516939997673
82.40929409116507	-11.8565509095788
92.0623282417655	-2.203516758978367
95.84536853432655	1.5795235335826874
98.78624150902033	4.5203965082764626
87.25505052506924	-7.010794475674629
77.51610553264618	-16.749739468097687
106.07204950600863	11.806204505264759
86.19776973128319	-8.068075269460678
98.07357407361269	3.807729072868824
86.16833584755659	-8.097509153187275
90.72765143960714	-3.5381935611367226
94.26115719228983	-0.004687808454036713
106.62405521422625	12.35821021348238
103.93482372164726	9.668978720903397
103.13566954433918	8.869824543595314
90.51657019555569	-3.749274805188179
88.79999063163996	-5.4658543691039085
83.17032907903194	-11.095515921711922
106.60983993858099	12.343994937837124
101.54232001304626	7.276475012302399
92.7927064076066	-1.4731385931372643
97.67974159121513	3.4138965904712677
89.75156417489052	-4.514280825853348
94.89277230203152	0.6269273012876511
93.78303663432598	-0.4828083664178848
86.37414065003395	-7.891704350709915
89.87549069523811	-4.390354305505753
81.396938405931	-12.86890659481287
102.18293473124504	7.917089730501175
104.38438100367785	10.118536002933979
97.5945793390274	3.328734338283539
91.89531926810741	-2.3705257326364517
98.07475218176842	3.8089071810245514
87.40296346694231	-6.862881533801556
79.4915289953351	-14.774316005408764
98.10818836092949	3.842343360185623
102.78289425373077	8.517049252986908
93.67598558217287	-0.5898594185709953
84.25148576498032	-10.01435923576355
102.51647514849901	8.250630147755146
92.45011992007494	-1.8157250806689262
104.21257269382477	9.946727693080902
84.19498091191053	-10.070864088833332
113.32840543240309	19.06256043165922
90.14704891294241	-4.1187960878014565
88.69459522515535	-5.571249775588512
100.662164285779	6.396319285035133
97.12112315744162	2.85527815669775
102.37606466561556	8.110219664871693
89.38682582974434	-4.879019170999527
98.87499941885471	4.6091544181108475
90.62868241220713	-3.6371625885367393
95.97345224767923	1.7076072469353676
72.51022799313068	-21.755617007613182
79.57830252498388	-14.687542475759983
92.71086843311787	-1.5549765676259995
89.20155271142721	-5.064292289316654
86.29699143767357	-7.968853563070297
85.6039610505104	-8.66188395023346
104.3472745642066	10.081429563462734
99.0170259103179	4.751180909574032
86.17292834073305	-8.092916660010815
90.59182161837816	-3.6740233823657036
103.85043989866972	9.584594897925854
103.84651850163937	9.5806735008955
89.5554941445589	-4.710350856184959
93.61253985762596	-0.6533051431179047
96.39879394322634	2.1329489424824715
101.33610701560974	7.070262014865875
101.67825306206942	7.41240806132555
86.51634055376053	-7.749504446983337
89.84690805524588	-4.41893694549799
88.70577632635832	-5.560068674385548
93.54369118064642	-0.7221538200974464
80.03723429888487	-14.228610701858997
96.85696789622307	2.5911228954792023
107.74252910912037	13.476684108376503
99.28621039539576	5.02036539465189
92.8720153644681	-1.3938296362757683
99.27117638289928	5.005331382155418
93.86205741763115	-0.4037875831127167
96.09787203371525	1.8320270329713821
99.76814901828766	5.502304017543793
93.8853864967823	-0.3804585039615631
88.22956123203039	-6.036283768713474
99.59836958348751	5.332524582743645
82.34597843885422	-11.919866561889648
98.26205628365278	3.9962112829089165
99.96873234957457	5.7028873488307
101.48948865383863	7.2236436530947685
85.90860436856747	-8.3572406321764
101.05195535719395	6.786110356450081
84.67979178577662	-9.58605321496725
96.43477971851826	2.168934717774391
96.38387917727232	2.118034176528454
91.45519308000803	-2.810651920735836
97.49085202813148	3.225007027387619
77.75447189062834	-16.511373110115528
90.42182766646147	-3.8440173342823982
81.96097403019667	-12.3048709705472
88.34091581404209	-5.924929186701775
110.92116171866655	16.655316717922688
88.06557216495275	-6.200272835791111
92.11831256002188	-2.1475324407219887
106.72336884588003	12.457523845136166
91.13971305638552	-3.126131944358349
94.41898918896914	0.15314418822526932
88.97890662401915	-5.28693837672472
92.69912119209766	-1.566723808646202
101.08760945498943	6.821764454245567
89.10827242583036	-5.157572574913502
96.10186091065407	1.836015909910202
97.34507016837597	3.079225167632103
90.0865012332797	-4.179343767464161
104.56132522970438	10.295480228960514
91.4685261324048	-2.7973188683390617
95.20935916155577	0.9435141608119011
107.08060399442911	12.814758993685246
102.81746604293585	8.551621042191982
92.86299796402454	-1.4028470367193222
86.32529322057962	-7.940551780164242
93.97947579622269	-0.2863692045211792
107.4897366464138	13.223891645669937
92.88419549912214	-1.3816495016217232
93.84858349710703	-0.417261503636837
91.06081035733223	-3.2050346434116364
95.07994333654642	0.8140983358025551
100.93370539695024	6.667860396206379
93.83033996075392	-0.4355050399899483
93.08485256135464	-1.1809924393892288
88.1203538402915	-6.145491160452366
94.10438764095306	-0.161457359790802
100.40196132659912	6.136116325855255
99.65896943211555	5.393124431371689
89.12329356372356	-5.142551437020302
100.1670288965106	5.901183895766735
93.11776784807444	-1.1480771526694298
96.91544179618359	2.64959679543972
106.21960821002722	11.953763209283352
100.82909244298935	6.563247442245483
95.87590361386538	1.6100586131215096
103.60858326405287	9.342738263309002
105.32421419024467	11.058369189500809
100.98881966620684	6.722974665462971
97.84176681935787	3.575921818614006
96.92623839527369	2.6603933945298195
88.56195451319218	-5.703890487551689
103.22624856233597	8.960403561592102
82.71229239553213	-11.553552605211735
96.11088651418686	1.8450415134429932
84.49350456148386	-9.772340439260006
92.47186888754368	-1.7939761132001877
103.55739181488752	9.291546814143658
94.08061706274748	-0.18522793799638748
88.76548580080271	-5.500359199941158
87.60139594227076	-6.66444905847311
89.23798766732216	-5.027857333421707
90.36100447177887	-3.9048405289649963
103.8555354103446	9.589690409600735
99.88701888918877	5.6211738884449005
91.46732116490602	-2.798523835837841
95.7108634263277	1.4450184255838394
85.72675974667072	-8.539085254073143
93.98895465582609	-0.2768903449177742
93.77962394803762	-0.4862210527062416
110.87033031880856	16.60448531806469
83.80031419545412	-10.465530805289745
102.58229978382587	8.316454783082008
98.50810883194208	4.2422638311982155
92.45824158936739	-1.8076034113764763
88.01054795086384	-6.255297049880028
104.96717607975006	10.701331079006195
97.46548657119274	3.1996415704488754
95.46474096179008	1.1988959610462189
87.08017583191395	-7.185669168829918
82.99534069746733	-11.270504303276539
93.45549504458904	-0.8103499561548233
97.60282817482948	3.336983174085617
95.69864635169506	1.4328013509511948
97.54724556952715	3.2814005687832832
99.55894427746534	5.2930992767214775
106.5983923971653	12.332547396421432
90.99858199805021	-3.267263002693653
98.20680685341358	3.940961852669716
96.71603982150555	2.4501948207616806
